0 0.00990099 0.0141543 0.0234676 0.00996432
0.0195312 0.00997802 0.0394867 0.0229757 0.00867685
0.0390625 0.010056 -0.0385008 0.0223825 0.00759046
0.0585938 0.0101348 -0.102612 0.0216918 0.00670983
0.078125 0.0102146 -0.026258 0.0209083 0.00603301
0.0976562 0.0102953 0.0486392 0.0200381 0.00555189
0.117188 0.0103769 0.00837624 0.0190879 0.00525267
0.136719 0.0104596 0.0234892 0.0180658 0.00511673
0.15625 0.0105432 0.0469703 0.0169805 0.00512143
0.175781 0.0106279 0.0318289 0.0158413 0.00524118
0.195312 0.0107135 -0.00635471 0.0146586 0.00544849
0.214844 0.0108002 -0.0583033 0.0134429 0.00571504
0.234375 0.0108879 0.0913761 0.0122055 0.00601285
0.253906 0.0109768 -0.00238131 0.0109579 0.00631525
0.273438 0.0110667 0.021693 0.00971174 0.00659792
0.292969 0.0111577 -0.0795717 0.00847882 0.00683975
0.3125 0.0112498 0.0855225 0.00727088 0.00702352
0.332031 0.011343 0.0617052 0.00609948 0.00713651
0.351562 0.0114375 0.00673683 0.0049759 0.00717085
0.371094 0.0115331 -0.00470321 0.00391099 0.00712374
0.390625 0.0116299 -0.0159561 0.00291509 0.00699744
0.410156 0.0117279 -0.0336019 0.00199787 0.00679907
0.429688 0.0118272 -0.0130886 0.00116827 0.00654026
0.449219 0.0119277 -0.0208001 0.000434352 0.00623658
0.46875 0.0120295 -0.00171413 -0.000196726 0.00590687
0.488281 0.0121326 -0.0214827 -0.000718841 0.00557243
0.507812 0.0122371 0.0772614 -0.00112695 0.00525615
0.527344 0.0123428 -0.00264985 -0.00141717 0.00498152
0.546875 0.01245 -0.0637346 -0.00158677 0.00477166
0.566406 0.0125586 -0.0475243 -0.00163428 0.00464838
0.585938 0.0126685 0.0624984 -0.00155945 0.00463124
0.605469 0.0127799 0.0418969 -0.00136328 0.00473672
0.625 0.0128928 -0.00245457 -0.00104802 0.00497749
0.644531 0.0130072 0.00895654 -0.000617132 0.00536177
0.664062 0.0131231 0.00295465 -7.52648e-05 0.00589297
0.683594 0.0132406 -0.0518625 0.000571787 0.00656933
0.703125 0.0133596 0.0405762 0.00131715 0.00738387
0.722656 0.0134802 0.0329159 0.00215293 0.00832448
0.742188 0.0136025 0.11008 0.00307033 0.00937416
0.761719 0.0137264 0.00607755 0.00405967 0.0105115
0.78125 0.0138521 0.0151007 0.00511058 0.0117112
0.800781 0.0139794 0.0240863 0.00621204 0.012945
0.820312 0.0141085 0.00487153 0.00735253 0.0141823
0.839844 0.0142394 0.020116 0.00852014 0.0153912
0.859375 0.0143721 -0.0224309 0.00970271 0.0165395
0.878906 0.0145067 0.0672139 0.010888 0.0175956
0.898438 0.0146432 -0.0534843 0.0120636 0.0185297
0.917969 0.0147815 -0.024486 0.0132175 0.0193146
0.9375 0.0149219 0.0393 0.0143378 0.0199266
0.957031 0.0150642 0.0118885 0.0154131 0.0203464
0.976562 0.0152086 0.0381049 0.0164325 0.0205595
0.996094 0.0153551 0.0441656 0.0173857 0.020557
1.01562 0.0155036 0.0104471 0.0182633 0.0203356
1.03516 0.0156544 0.0271277 0.0190567 0.0198979
1.05469 0.0158073 0.0785553 0.0197582 0.0192528
1.07422 0.0159624 -0.0124707 0.0203615 0.0184143
1.09375 0.0161199 -0.0654372 0.0208611 0.0174023
1.11328 0.0162797 -0.00423688 0.021253 0.0162411
1.13281 0.0164418 -0.053885 0.0215342 0.0149593
1.15234 0.0166064 0.116782 0.0217034 0.0135889
1.17188 0.0167734 0.0203848 0.0217602 0.0121643
1.19141 0.016943 0.0100858 0.0217059 0.0107214
1.21094 0.0171151 -0.0118353 0.0215431 0.00929661
1.23047 0.0172898 -0.0425991 0.0212757 0.00792598
1.25 0.0174672 0.013298 0.0209088 0.0066441
1.26953 0.0176474 0.0640289 0.0204491 0.0054833
1.28906 0.0178303 -0.0134987 0.0199042 0.00447277
1.30859 0.0180161 0.0635761 0.019283 0.00363787
1.32812 0.0182048 -0.0842254 0.0185955 0.00299957
1.34766 0.0183964 0.0875651 0.0178524 0.00257399
1.36719 0.0185911 -0.0483989 0.0170656 0.00237209
1.38672 0.0187888 -0.0322538 0.0162475 0.00239959
1.40625 0.0189897 0.0524966 0.0154113 0.00265698
1.42578 0.0191938 0.107984 0.0145704 0.00313968
1.44531 0.0194012 0.105252 0.0137388 0.00383842
1.46484 0.019612 -0.00373786 0.0129307 0.00473962
1.48438 0.0198261 -0.0153122 0.01216 0.00582604
1.50391 0.0200438 -0.117176 0.0114409 0.00707738
1.52344 0.0202651 -0.0231965 0.010787 0.00847102
1.54297 0.02049 0.0453881 0.0102119 0.00998277
1.5625 0.0207187 0.00431734 0.00972819 0.0115877
1.58203 0.0209512 0.0266962 0.00934804 0.0132607
1.60156 0.0211876 -0.00853469 0.00908269 0.0149775
1.62109 0.0214279 -0.0650936 0.00894243 0.0167151
1.64062 0.0216724 -0.0276568 0.00893645 0.0184525
1.66016 0.0219211 -0.00929247 0.00907277 0.020171
1.67969 0.022174 0.0537179 0.00935808 0.0218546
1.69922 0.0224313 0.131951 0.00979769 0.0234906
1.71875 0.022693 -0.00362155 0.0103955 0.0250692
1.73828 0.0229594 0.0800187 0.0111538 0.0265838
1.75781 0.0232304 -0.000775439 0.0120734 0.0280309
1.77734 0.0235062 0.050237 0.0131535 0.0294096
1.79688 0.0237868 -0.0350562 0.0143916 0.0307218
1.81641 0.0240726 0.0726486 0.0157839 0.0319713
1.83594 0.0243634 0.0222511 0.0173246 0.0331634
1.85547 0.0246595 -0.0637263 0.0190068 0.0343049
1.875 0.024961 0.0690974 0.0208217 0.0354029
1.89453 0.025268 0.109342 0.0227595 0.0364648
1.91406 0.0255807 0.0672117 0.0248087 0.0374975
1.93359 0.0258991 0.00130102 0.0269568 0.0385071
1.95312 0.0262235 0.0132096 0.0291901 0.0394986
1.97266 0.0265539 0.0749804 0.031494 0.0404754
1.99219 0.0268906 0.0655607 0.0338528 0.0414392
2.01172 0.0272336 0.0588736 0.0362505 0.04239
2.03125 0.0275832 0.0430924 0.0386702 0.0433258
2.05078 0.0279395 0.0230529 0.0410948 0.0442428
2.07031 0.0283027 0.0877958 0.0435069 0.0451357
2.08984 0.028673 0.105199 0.0458891 0.0459979
2.10938 0.0290505 -0.00827635 0.0482241 0.0468218
2.12891 0.0294354 0.0157961 0.0504949 0.0475991
2.14844 0.0298279 0.150746 0.0526851 0.0483214
2.16797 0.0302283 0.0768126 0.0547788 0.0489807
2.1875 0.0306367 -0.0343876 0.056761 0.0495698
2.20703 0.0310533 0.0139364 0.0586177 0.0500825
2.22656 0.0314784 0.00201938 0.060336 0.0505144
2.24609 0.0319122 0.0361908 0.0619042 0.0508632
2.26562 0.0323549 -0.0484808 0.0633123 0.0511288
2.28516 0.0328068 0.0970011 0.0645514 0.0513135
2.30469 0.0332681 0.0619044 0.0656145 0.0514225
2.32422 0.0337391 0.00670536 0.0664963 0.0514633
2.34375 0.03422 -0.00601258 0.0671932 0.051446
2.36328 0.0347112 0.0919924 0.0677034 0.0513832
2.38281 0.0352129 0.159482 0.0680271 0.0512893
2.40234 0.0357254 0.0160671 0.0681664 0.0511805
2.42188 0.0362491 0.057524 0.0681251 0.0510741
2.44141 0.0367842 0.0444804 0.0679091 0.0509879
2.46094 0.037331 0.091556 0.067526 0.05094
2.48047 0.0378901 0.0918487 0.0669851 0.0509479
2.5 0.0384615 0.0662176 0.0662975 0.0510278
2.51953 0.0390459 0.100787 0.0654759 0.0511944
2.53906 0.0396434 0.0877768 0.0645344 0.0514603
2.55859 0.0402546 0.0436263 0.0634886 0.0518352
2.57812 0.0408799 0.00111298 0.0623551 0.0523259
2.59766 0.0415196 0.0436899 0.0611517 0.0529358
2.61719 0.0421742 0.0617699 0.059897 0.0536647
2.63672 0.0428442 0.0195155 0.0586104 0.0545089
2.65625 0.04353 -0.00280758 0.0573118 0.0554614
2.67578 0.0442322 0.0836641 0.0560213 0.0565116
2.69531 0.0449512 0.0400122 0.0547591 0.0576459
2.71484 0.0456876 0.0350943 0.0535456 0.0588482
2.73438 0.046442 0.0174776 0.0524006 0.0601003
2.75391 0.0472149 0.123429 0.0513435 0.0613823
2.77344 0.0480069 0.162049 0.050393 0.0626737
2.79297 0.0488187 0.00958609 0.049567 0.0639535
2.8125 0.0496509 0.0657055 0.0488821 0.0652015
2.83203 0.0505041 0.0862912 0.0483539 0.0663983
2.85156 0.0513792 0.0134447 0.0479965 0.0675267
2.87109 0.0522767 0.0572796 0.0478222 0.0685718
2.89062 0.0531976 0.0765801 0.0478419 0.0695214
2.91016 0.0541425 0.0332347 0.0480645 0.0703671
2.92969 0.0551123 0.0367846 0.048497 0.0711039
2.94922 0.0561079 0.0890361 0.0491443 0.0717306
2.96875 0.0571301 0.0637898 0.0500093 0.07225
2.98828 0.05818 0.135831 0.0510928 0.0726688
3.00781 0.0592584 0.0363082 0.0523933 0.0729973
3.02734 0.0603665 0.105026 0.0539073 0.0732489
3.04688 0.0615052 0.129537 0.0556292 0.0734401
3.06641 0.0626757 0.128616 0.0575511 0.0735896
3.08594 0.0638792 0.00101263 0.0596635 0.0737176
3.10547 0.0651169 0.141964 0.0619547 0.0738457
3.125 0.06639 0.0831231 0.0644114 0.0739954
3.14453 0.0677 -0.00374464 0.0670185 0.0741881
3.16406 0.0690481 0.0204928 0.0697596 0.0744441
3.18359 0.0704358 0.0941259 0.0726169 0.0747817
3.20312 0.0718647 0.133761 0.0755716 0.0752174
3.22266 0.0733363 0.0731713 0.0786039 0.0757646
3.24219 0.0748524 -0.0128949 0.0816936 0.0764336
3.26172 0.0764147 0.0924797 0.0848198 0.0772316
3.28125 0.078025 0.0743315 0.0879617 0.0781623
3.30078 0.0796852 0.0757342 0.0910984 0.0792257
3.32031 0.0813974 0.0244905 0.0942095 0.0804192
3.33984 0.0831637 0.172815 0.0972753 0.0817367
3.35938 0.0849863 0.11298 0.100277 0.0831702
3.37891 0.0868675 0.0510898 0.103196 0.0847094
3.39844 0.0888099 0.1229 0.106018 0.086343
3.41797 0.0908159 0.115643 0.108726 0.0880592
3.4375 0.0928882 0.107088 0.111309 0.0898462
3.45703 0.0950298 0.0322562 0.113756 0.0916935
3.47656 0.0972437 0.0880602 0.116059 0.093592
3.49609 0.0995328 0.146857 0.118212 0.0955351
3.51562 0.101901 0.120976 0.120212 0.0975193
3.53516 0.104351 0.0703675 0.122059 0.0995445
3.55469 0.106887 0.0543807 0.123757 0.101614
3.57422 0.109512 0.107991 0.125311 0.103737
3.59375 0.112231 0.0642621 0.126731 0.105925
3.61328 0.115049 0.0865465 0.128029 0.108193
3.63281 0.117969 0.0643789 0.129221 0.110563
3.65234 0.120996 0.131454 0.130326 0.113057
3.67188 0.124136 0.116161 0.131366 0.115703
3.69141 0.127394 0.106309 0.132366 0.118528
3.71094 0.130775 0.215465 0.133355 0.121563
3.73047 0.134285 0.169732 0.134363 0.124838
3.75 0.137931 0.0861745 0.135425 0.128384
3.76953 0.141719 0.174606 0.136575 0.132228
3.78906 0.145656 0.103505 0.137854 0.136396
3.80859 0.14975 0.133457 0.139301 0.140912
3.82812 0.154008 0.182527 0.140958 0.145794
3.84766 0.158439 0.120694 0.142869 0.151056
3.86719 0.163051 0.134138 0.145077 0.156707
3.88672 0.167853 0.178194 0.147629 0.16275
3.90625 0.172856 0.177545 0.150568 0.169181
3.92578 0.17807 0.21212 0.153942 0.175992
3.94531 0.183504 0.229007 0.157794 0.183169
3.96484 0.189172 0.138366 0.162169 0.190694
3.98438 0.195085 0.182058 0.167109 0.198543
4.00391 0.201255 0.212956 0.172656 0.206689
4.02344 0.207697 0.155301 0.178847 0.215106
4.04297 0.214425 0.122033 0.18572 0.223763
4.0625 0.221453 0.233699 0.193308 0.232633
4.08203 0.228798 0.302751 0.201642 0.241689
4.10156 0.236476 0.317961 0.210748 0.250908
4.12109 0.244504 0.29011 0.220648 0.260272
4.14062 0.252902 0.286173 0.231362 0.269769
4.16016 0.261688 0.318959 0.242902 0.279396
4.17969 0.270882 0.275152 0.255279 0.289156
4.19922 0.280505 0.282255 0.268495 0.299063
4.21875 0.290579 0.314902 0.28255 0.30914
4.23828 0.301127 0.306309 0.297436 0.319419
4.25781 0.312171 0.279697 0.313141 0.329944
4.27734 0.323737 0.327657 0.329647 0.340766
4.29688 0.335848 0.337765 0.34693 0.351946
4.31641 0.348529 0.368092 0.36496 0.363552
4.33594 0.361805 0.364159 0.383701 0.375656
4.35547 0.375702 0.371237 0.403114 0.388336
4.375 0.390244 0.391299 0.42315 0.401669
4.39453 0.405454 0.39439 0.443759 0.415735
4.41406 0.421356 0.42006 0.464882 0.430606
4.43359 0.437969 0.4574 0.486458 0.446353
4.45312 0.455313 0.49294 0.508421 0.463035
4.47266 0.473403 0.518466 0.530699 0.480701
4.49219 0.492249 0.535431 0.553216 0.499385
4.51172 0.511856 0.573004 0.575895 0.519106
4.53125 0.532225 0.582506 0.598653 0.539865
4.55078 0.553345 0.539709 0.621407 0.561641
4.57031 0.5752 0.530111 0.644068 0.584393
4.58984 0.59776 0.59834 0.666549 0.608057
4.60938 0.620982 0.666089 0.68876 0.632544
4.62891 0.644811 0.675787 0.71061 0.657743
4.64844 0.669172 0.611909 0.732008 0.683522
4.66797 0.693973 0.704719 0.752865 0.709724
4.6875 0.719101 0.755638 0.77309 0.736173
4.70703 0.744423 0.810629 0.792596 0.762675
4.72656 0.76978 0.743106 0.811297 0.789021
4.74609 0.794992 0.778737 0.82911 0.814987
4.76562 0.819856 0.796411 0.845954 0.840343
4.78516 0.844144 0.840286 0.861753 0.86485
4.80469 0.867613 0.909163 0.876434 0.888269
4.82422 0.889999 0.936718 0.889928 0.910362
4.84375 0.911032 0.914305 0.902174 0.930899
4.86328 0.930433 0.989659 0.913114 0.949659
4.88281 0.947929 0.923524 0.922695 0.966436
4.90234 0.963255 0.998971 0.930871 0.98104
4.92188 0.976168 1.00573 0.937604 0.993305
4.94141 0.986453 1.04971 0.942861 1.00309
4.96094 0.993934 0.984296 0.946616 1.01027
4.98047 0.998476 1.04874 0.94885 1.01478
5 1 1.01869 0.949552 1.01654
5.01953 0.998476 0.998656 0.948717 1.01554
5.03906 0.993934 1.00727 0.946348 1.01178
5.05859 0.986453 0.909609 0.942455 1.00531
5.07812 0.976168 1.07297 0.937057 0.996193
5.09766 0.963255 0.952326 0.930177 0.984536
5.11719 0.947929 1.02777 0.921846 0.970464
5.13672 0.930433 0.952754 0.912103 0.954133
5.15625 0.911032 0.991093 0.900993 0.935719
5.17578 0.889999 0.931102 0.888565 0.915418
5.19531 0.867613 0.845502 0.874878 0.893442
5.21484 0.844144 0.842434 0.859992 0.870014
5.23438 0.819856 0.786555 0.843975 0.845365
5.25391 0.794992 0.823514 0.826899 0.819732
5.27344 0.76978 0.81313 0.80884 0.793351
5.29297 0.744423 0.792144 0.789877 0.766453
5.3125 0.719101 0.733053 0.770094 0.739265
5.33203 0.693973 0.729621 0.749576 0.712002
5.35156 0.669172 0.674968 0.728411 0.684866
5.37109 0.644811 0.653648 0.706689 0.658043
5.39062 0.620982 0.612711 0.684499 0.631701
5.41016 0.59776 0.598013 0.661933 0.605989
5.42969 0.5752 0.623235 0.639083 0.581034
5.44922 0.553345 0.564355 0.616037 0.556942
5.46875 0.532225 0.601191 0.592886 0.533797
5.48828 0.511856 0.476894 0.569718 0.511662
5.50781 0.492249 0.466971 0.546617 0.490577
5.52734 0.473403 0.466242 0.523668 0.470565
5.54688 0.455313 0.335761 0.50095 0.451628
5.56641 0.437969 0.445077 0.478539 0.433751
5.58594 0.421356 0.39346 0.456509 0.416904
5.60547 0.405454 0.452752 0.434927 0.401046
5.625 0.390244 0.410011 0.413858 0.386122
5.64453 0.375702 0.393923 0.393361 0.37207
5.66406 0.361805 0.310977 0.37349 0.358823
5.68359 0.348529 0.403137 0.354293 0.346307
5.70312 0.335848 0.269236 0.335815 0.334448
5.72266 0.323737 0.395451 0.318091 0.323172
5.74219 0.312171 0.360655 0.301156 0.312407
5.76172 0.301127 0.288534 0.285034 0.302083
5.78125 0.290579 0.271013 0.269747 0.292138
5.80078 0.280505 0.230597 0.255309 0.282511
5.82031 0.270882 0.272475 0.24173 0.273153
5.83984 0.261688 0.31169 0.229013 0.26402
5.85938 0.252902 0.257089 0.217157 0.255074
5.87891 0.244504 0.258319 0.206155 0.246289
5.89844 0.236476 0.22403 0.195996 0.237643
5.91797 0.228798 0.234548 0.186662 0.229123
5.9375 0.221453 0.271619 0.178133 0.220725
5.95703 0.214425 0.172279 0.170385 0.212447
5.97656 0.207697 0.162708 0.163389 0.204296
5.99609 0.201255 0.211028 0.157112 0.196282
6.01562 0.195085 0.179975 0.151519 0.188422
6.03516 0.189172 0.157573 0.146573 0.180731
6.05469 0.183504 0.187588 0.142233 0.173232
6.07422 0.17807 0.160199 0.138457 0.165945
6.09375 0.172856 0.131612 0.135202 0.158894
6.11328 0.167853 0.136454 0.132423 0.152099
6.13281 0.163051 0.168337 0.130073 0.145583
6.15234 0.158439 0.159747 0.128108 0.139365
6.17188 0.154008 0.119171 0.126482 0.133464
6.19141 0.14975 0.136411 0.125149 0.127897
6.21094 0.145656 0.150453 0.124064 0.122676
6.23047 0.141719 0.171507 0.123184 0.117813
6.25 0.137931 0.0261646 0.122466 0.113315
6.26953 0.134285 0.147122 0.121871 0.109188
6.28906 0.130775 0.0337949 0.121358 0.105433
6.30859 0.127394 0.125672 0.120892 0.102049
6.32812 0.124136 0.173296 0.120439 0.0990326
6.34766 0.120996 0.0103432 0.119967 0.0963755
6.36719 0.117969 0.106305 0.119448 0.0940683
6.38672 0.115049 0.0541961 0.118855 0.0920981
6.40625 0.112231 0.0507742 0.118165 0.0904496
6.42578 0.109512 0.182342 0.117359 0.0891047
6.44531 0.106887 0.116299 0.11642 0.0880431
6.46484 0.104351 0.0962636 0.115335 0.0872423
6.48438 0.101901 0.0851734 0.114091 0.0866773
6.50391 0.0995328 0.13874 0.112682 0.0863214
6.52344 0.0972437 0.0668596 0.111104 0.0861461
6.54297 0.0950298 0.134309 0.109353 0.0861212
6.5625 0.0928882 0.0904963 0.107432 0.0862151
6.58203 0.0908159 0.0848958 0.105342 0.0863953
6.60156 0.0888099 0.0669794 0.103092 0.0866284
6.62109 0.0868675 0.017244 0.100688 0.0868804
6.64062 0.0849863 0.135121 0.09814 0.0871176
6.66016 0.0831637 0.0676284 0.0954611 0.0873065
6.67969 0.0813974 0.041897 0.0926644 0.0874145
6.69922 0.0796852 -0.0102793 0.0897651 0.0874103
6.71875 0.078025 0.126936 0.0867793 0.0872645
6.73828 0.0764147 0.0811665 0.0837242 0.0869502
6.75781 0.0748524 0.112306 0.0806175 0.0864433
6.77734 0.0733363 0.0949565 0.0774776 0.0857231
6.79688 0.0718647 0.00384998 0.074323 0.084773
6.81641 0.0704358 0.107037 0.071172 0.0835807
6.83594 0.0690481 0.0898975 0.0680431 0.0821384
6.85547 0.0677 0.0688275 0.0649539 0.0804435
6.875 0.06639 0.175088 0.0619218 0.0784985
6.89453 0.0651169 -0.00150047 0.058963 0.0763113
6.91406 0.0638792 0.164446 0.056093 0.0738949
6.93359 0.0626757 0.132262 0.0533259 0.0712675
6.95312 0.0615052 0.0846272 0.0506749 0.068452
6.97266 0.0603665 -0.0808634 0.0481513 0.065476
6.99219 0.0592584 0.0732853 0.0457653 0.0623709
7.01172 0.05818 0.0267203 0.0435253 0.0591712
7.03125 0.0571301 0.134256 0.0414383 0.0559143
7.05078 0.0561079 0.107347 0.0395094 0.0526392
7.07031 0.0551123 0.0692623 0.037742 0.0493856
7.08984 0.0541425 0.0467917 0.0361379 0.0461935
7.10938 0.0531976 0.0690627 0.0346973 0.0431017
7.12891 0.0522767 0.114212 0.0334187 0.040147
7.14844 0.0513792 0.0101151 0.0322988 0.0373635
7.16797 0.0505041 -0.00281462 0.0313332 0.0347816
7.1875 0.0496509 -0.00151202 0.0305156 0.0324271
7.20703 0.0488187 -0.0178988 0.0298389 0.0303209
7.22656 0.0480069 -0.0778427 0.0292943 0.0284782
7.24609 0.0472149 0.0013827 0.0288723 0.0269079
7.26562 0.046442 -0.00180841 0.0285623 0.0256131
7.28516 0.0456876 0.00929405 0.0283529 0.0245903
7.30469 0.0449512 0.0770868 0.028232 0.0238298
7.32422 0.0442322 0.0168444 0.0281871 0.0233162
7.34375 0.04353 0.0420759 0.0282055 0.0230284
7.36328 0.0428442 0.0255479 0.0282739 0.0229408
7.38281 0.0421742 0.0163949 0.0283794 0.0230233
7.40234 0.0415196 0.116646 0.0285091 0.0232431
7.42188 0.0408799 0.0783468 0.0286503 0.0235648
7.44141 0.0402546 -0.00885012 0.0287909 0.0239518
7.46094 0.0396434 -0.103489 0.0289192 0.0243675
7.48047 0.0390459 0.0490414 0.0290243 0.0247762
7.5 0.0384615 0.0840335 0.0290962 0.0251441
7.51953 0.0378901 0.0766794 0.0291255 0.0254403
7.53906 0.037331 0.102215 0.0291043 0.0256377
7.55859 0.0367842 0.0408061 0.0290253 0.0257141
7.57812 0.0362491 -0.00972743 0.0288828 0.025652
7.59766 0.0357254 -0.0124326 0.0286722 0.02544
7.61719 0.0352129 0.0266342 0.0283899 0.0250724
7.63672 0.0347112 -0.0117153 0.0280339 0.0245497
7.65625 0.03422 -0.0454768 0.0276034 0.0238783
7.67578 0.0337391 0.0833108 0.0270988 0.0230702
7.69531 0.0332681 0.0206073 0.0265219 0.0221428
7.71484 0.0328068 -0.0216207 0.0258756 0.0211181
7.73438 0.0323549 0.00912992 0.0251642 0.0200217
7.75391 0.0319122 -0.00484169 0.0243927 0.0188823
7.77344 0.0314784 0.000763367 0.0235676 0.0177307
7.79297 0.0310533 0.0590735 0.022696 0.0165983
7.8125 0.0306367 0.0343089 0.0217861 0.0155167
7.83203 0.0302283 0.0142187 0.0208466 0.0145161
7.85156 0.0298279 0.050342 0.019887 0.0136244
7.87109 0.0294354 -0.0214369 0.0189172 0.0128667
7.89062 0.0290505 0.0497627 0.0179477 0.0122638
7.91016 0.028673 -0.023256 0.016989 0.0118319
7.92969 0.0283027 0.0155688 0.0160517 0.011582
7.94922 0.0279395 0.0876989 0.0151466 0.0115197
7.96875 0.0275832 0.0261514 0.0142843 0.0116445
7.98828 0.0272336 -0.0513819 0.0134749 0.0119505
8.00781 0.0268906 0.0475736 0.0127283 0.0124262
8.02734 0.0265539 0.0285429 0.012054 0.013055
8.04688 0.0262235 -0.0503776 0.0114604 0.0138156
8.06641 0.0258991 0.0189164 0.0109557 0.0146833
8.08594 0.0255807 -0.0218074 0.0105468 0.0156302
8.10547 0.025268 -0.0332032 0.01024 0.0166266
8.125 0.024961 -0.0134745 0.0100404 0.0176416
8.14453 0.0246595 0.0540437 0.00995207 0.0186449
8.16406 0.0243634 0.0847372 0.00997795 0.0196072
8.18359 0.0240726 0.000294757 0.0101198 0.0205015
8.20312 0.0237868 0.00241489 0.0103782 0.0213039
8.22266 0.0235062 -0.0104015 0.0107525 0.0219948
8.24219 0.0232304 0.133486 0.0112409 0.0225592
8.26172 0.0229594 -0.00565189 0.0118402 0.0229875
8.28125 0.022693 0.017495 0.0125463 0.0232758
8.30078 0.0224313 0.0487354 0.0133538 0.023426
8.32031 0.022174 0.00665224 0.0142561 0.0234459
8.33984 0.0219211 0.0627479 0.0152458 0.0233488
8.35938 0.0216724 0.0373976 0.0163146 0.0231531
8.37891 0.0214279 0.0486157 0.017453 0.0228817
8.39844 0.0211876 0.0763868 0.0186511 0.0225612
8.41797 0.0209512 -0.0440235 0.019898 0.0222209
8.4375 0.0207187 -0.0136094 0.0211826 0.0218917
8.45703 0.02049 -0.0444149 0.0224931 0.0216052
8.47656 0.0202651 0.0762133 0.0238174 0.021392
8.49609 0.0200438 0.0403217 0.0251434 0.0212814
8.51562 0.0198261 -0.0436038 0.0264588 0.0212992
8.53516 0.019612 0.0791921 0.0277512 0.0214675
8.55469 0.0194012 -0.0720692 0.0290087 0.0218034
8.57422 0.0191938 0.027277 0.0302196 0.022318
8.59375 0.0189897 0.0227141 0.0313725 0.0230163
8.61328 0.0187888 0.00577516 0.0324567 0.0238964
8.63281 0.0185911 -0.00370214 0.0334621 0.0249494
8.65234 0.0183964 0.0546735 0.0343794 0.0261594
8.67188 0.0182048 0.00267635 0.0352001 0.027504
8.69141 0.0180161 0.0927726 0.0359167 0.0289545
8.71094 0.0178303 0.0461048 0.0365227 0.0304767
8.73047 0.0176474 0.0667378 0.0370128 0.032032
8.75 0.0174672 0.0918829 0.0373826 0.0335783
8.76953 0.0172898 0.00982062 0.0376291 0.0350712
8.78906 0.0171151 0.000549038 0.0377504 0.0364655
8.80859 0.016943 0.0599146 0.037746 0.0377166
8.82812 0.0167734 0.111212 0.0376163 0.0387815
8.84766 0.0166064 -0.0410758 0.0373634 0.0396209
8.86719 0.0164418 0.0786426 0.0369901 0.0401997
8.88672 0.0162797 -0.0114538 0.0365007 0.0404888
8.90625 0.0161199 0.0562404 0.0359006 0.0404662
8.92578 0.0159624 -0.0558085 0.0351961 0.0401171
8.94531 0.0158073 -0.0294272 0.0343947 0.0394356
8.96484 0.0156544 0.101017 0.0335046 0.0384243
8.98438 0.0155036 0.0776174 0.0325349 0.0370948
9.00391 0.0153551 0.0180537 0.0314956 0.0354675
9.02344 0.0152086 0.0848519 0.0303971 0.0335711
9.04297 0.0150642 0.0393747 0.0292504 0.0314425
9.0625 0.0149219 0.0531284 0.0280669 0.0291252
9.08203 0.0147815 -0.0388802 0.0268581 0.0266686
9.10156 0.0146432 0.0869031 0.0256361 0.0241268
9.12109 0.0145067 0.0467851 0.0244124 0.0215568
9.14062 0.0143721 0.0319984 0.023199 0.0190174
9.16016 0.0142394 0.0371243 0.0220072 0.0165673
9.17969 0.0141085 0.0765201 0.0208483 0.0142638
9.19922 0.0139794 -0.00953015 0.0197329 0.0121607
9.21875 0.0138521 -0.043646 0.0186712 0.0103072
9.23828 0.0137264 -0.0423978 0.0176726 0.00874659
9.25781 0.0136025 -0.106814 0.0167457 0.00751461
9.27734 0.0134802 -0.111512 0.0158985 0.00663884
9.29688 0.0133596 0.0534336 0.0151377 0.0061377
9.31641 0.0132406 0.0605077 0.0144691 0.00602002
9.33594 0.0131231 0.0374714 0.0138977 0.0062847
9.35547 0.0130072 0.0692107 0.013427 0.00692081
9.375 0.0128928 -0.010953 0.0130595 0.00790784
9.39453 0.0127799 -0.045067 0.0127966 0.00921631
9.41406 0.0126685 0.00424699 0.0126384 0.0108086
9.43359 0.0125586 0.0627312 0.0125838 0.0126398
9.45312 0.01245 0.0551279 0.0126306 0.0146594
9.47266 0.0123428 0.0806507 0.0127755 0.0168122
9.49219 0.0122371 0.0353681 0.0130139 0.0190402
9.51172 0.0121326 -0.0176152 0.0133405 0.021284
9.53125 0.0120295 0.0813324 0.0137487 0.0234843
9.55078 0.0119277 0.0109807 0.014231 0.0255841
9.57031 0.0118272 0.0268905 0.0147793 0.0275292
9.58984 0.0117279 -0.0355991 0.0153845 0.0292708
9.60938 0.0116299 0.0278131 0.0160371 0.0307657
9.62891 0.0115331 -0.00458249 0.0167269 0.031978
9.64844 0.0114375 0.0366589 0.0174433 0.0328799
9.66797 0.011343 0.0975894 0.0181755 0.0334519
9.6875 0.0112498 -0.0194588 0.0189125 0.0336836
9.70703 0.0111577 0.102608 0.0196432 0.0335736
9.72656 0.0110667 0.017959 0.0203564 0.0331294
9.74609 0.0109768 0.0518073 0.0210415 0.0323668
9.76562 0.0108879 -0.0531303 0.0216877 0.0313094
9.78516 0.0108002 -0.0340319 0.0222852 0.0299876
9.80469 0.0107135 -0.0016186 0.0228242 0.0284379
9.82422 0.0106279 0.0126157 0.0232958 0.026701
9.84375 0.0105432 0.122482 0.0236918 0.0248212
9.86328 0.0104596 0.0116736 0.024005 0.0228446
9.88281 0.0103769 0.00487919 0.0242288 0.020818
9.90234 0.0102953 0.0906765 0.0243579 0.0187873
9.92188 0.0102146 -0.00143349 0.0243878 0.0167962
9.94141 0.0101348 0.0120471 0.0243153 0.014885
9.96094 0.010056 0.0678432 0.0241382 0.0130899
9.98047 0.00997802 0.0101091 0.0238555 0.0114414
