0 0.00990099 0.0151644 -0.00205048
0.0195312 0.00997802 0.0151662 0.0405602
0.0390625 0.010056 0.0151717 -0.00943337
0.0585938 0.0101348 0.0151808 -0.014196
0.078125 0.0102146 0.0151936 0.0153134
0.0976562 0.0102953 0.01521 0.0403493
0.117188 0.0103769 0.0152301 0.0272051
0.136719 0.0104596 0.0152538 0.00322533
0.15625 0.0105432 0.0152813 0.0221198
0.175781 0.0106279 0.0153124 0.0529273
0.195312 0.0107135 0.0153472 0.047183
0.214844 0.0108002 0.0153857 0.0405267
0.234375 0.0108879 0.015428 0.0148236
0.253906 0.0109768 0.015474 0.000654975
0.273438 0.0110667 0.0155238 4.77781e-05
0.292969 0.0111577 0.0155773 0.0332273
0.3125 0.0112498 0.0156347 0.00264716
0.332031 0.011343 0.0156959 0.0461887
0.351562 0.0114375 0.0157609 0.0352024
0.371094 0.0115331 0.0158298 0.0232196
0.390625 0.0116299 0.0159026 0.0246594
0.410156 0.0117279 0.0159793 0.00621853
0.429688 0.0118272 0.01606 0.00838083
0.449219 0.0119277 0.0161447 -0.0326003
0.46875 0.0120295 0.0162334 0.0243195
0.488281 0.0121326 0.0163262 0.0219521
0.507812 0.0122371 0.0164231 0.0121602
0.527344 0.0123428 0.0165242 -0.000187218
0.546875 0.01245 0.0166294 0.0303225
0.566406 0.0125586 0.0167389 0.0294604
0.585938 0.0126685 0.0168527 -0.00239899
0.605469 0.0127799 0.0169708 0.0259573
0.625 0.0128928 0.0170933 0.0218261
0.644531 0.0130072 0.0172203 0.0385091
0.664062 0.0131231 0.0173518 0.00692055
0.683594 0.0132406 0.0174878 -0.0203169
0.703125 0.0133596 0.0176285 0.026378
0.722656 0.0134802 0.0177739 -0.00548844
0.742188 0.0136025 0.017924 0.00884371
0.761719 0.0137264 0.018079 0.0289982
0.78125 0.0138521 0.0182389 -0.00890189
0.800781 0.0139794 0.0184038 0.0147842
0.820312 0.0141085 0.0185738 0.0100933
0.839844 0.0142394 0.018749 0.0295381
0.859375 0.0143721 0.0189294 0.0399231
0.878906 0.0145067 0.0191152 0.00942044
0.898438 0.0146432 0.0193065 0.0207515
0.917969 0.0147815 0.0195033 0.000747655
0.9375 0.0149219 0.0197057 0.0200664
0.957031 0.0150642 0.019914 0.0397592
0.976562 0.0152086 0.0201281 0.00247326
0.996094 0.0153551 0.0203483 0.0189143
1.01562 0.0155036 0.0205745 -0.00184929
1.03516 0.0156544 0.0208071 0.0139604
1.05469 0.0158073 0.021046 0.00151764
1.07422 0.0159624 0.0212915 0.00855538
1.09375 0.0161199 0.0215437 0.0115185
1.11328 0.0162797 0.0218026 0.0416489
1.13281 0.0164418 0.0220686 0.00589292
1.15234 0.0166064 0.0223417 -0.0155529
1.17188 0.0167734 0.0226222 0.0570921
1.19141 0.016943 0.0229101 0.0130521
1.21094 0.0171151 0.0232056 0.022513
1.23047 0.0172898 0.0235091 0.0100594
1.25 0.0174672 0.0238205 0.0247435
1.26953 0.0176474 0.0241402 0.0293633
1.28906 0.0178303 0.0244683 0.0409952
1.30859 0.0180161 0.0248051 0.0771116
1.32812 0.0182048 0.0251507 0.0341692
1.34766 0.0183964 0.0255054 0.00973565
1.36719 0.0185911 0.0258694 0.0149338
1.38672 0.0187888 0.026243 0.0665817
1.40625 0.0189897 0.0266264 -0.0179239
1.42578 0.0191938 0.0270198 0.0245311
1.44531 0.0194012 0.0274236 0.00302536
1.46484 0.019612 0.0278379 0.0349377
1.48438 0.0198261 0.0282632 0.0322909
1.50391 0.0200438 0.0286995 0.0234461
1.52344 0.0202651 0.0291473 0.0394639
1.54297 0.02049 0.0296068 0.058091
1.5625 0.0207187 0.0300784 0.0282219
1.58203 0.0209512 0.0305624 0.0237717
1.60156 0.0211876 0.031059 0.00455919
1.62109 0.0214279 0.0315687 0.00294453
1.64062 0.0216724 0.0320918 0.0131243
1.66016 0.0219211 0.0326286 0.0649392
1.67969 0.022174 0.0331795 0.0646087
1.69922 0.0224313 0.0337449 0.0262198
1.71875 0.022693 0.0343251 0.0476559
1.73828 0.0229594 0.0349205 0.0165316
1.75781 0.0232304 0.0355316 0.0551849
1.77734 0.0235062 0.0361587 0.0573605
1.79688 0.0237868 0.0368023 0.0209464
1.81641 0.0240726 0.0374628 0.0680482
1.83594 0.0243634 0.0381406 0.0587782
1.85547 0.0246595 0.0388361 0.014884
1.875 0.024961 0.0395499 0.0954907
1.89453 0.025268 0.0402824 0.0300525
1.91406 0.0255807 0.041034 0.052271
1.93359 0.0258991 0.0418052 0.036936
1.95312 0.0262235 0.0425966 0.0375675
1.97266 0.0265539 0.0434086 0.0390963
1.99219 0.0268906 0.0442417 0.108241
2.01172 0.0272336 0.0450964 0.0322801
2.03125 0.0275832 0.0459734 0.0705214
2.05078 0.0279395 0.046873 0.0733407
2.07031 0.0283027 0.0477958 0.0570546
2.08984 0.028673 0.0487424 0.0487388
2.10938 0.0290505 0.0497133 0.0517387
2.12891 0.0294354 0.0507091 0.0660984
2.14844 0.0298279 0.0517303 0.0286579
2.16797 0.0302283 0.0527776 0.0228618
2.1875 0.0306367 0.0538514 0.0648101
2.20703 0.0310533 0.0549524 0.0707655
2.22656 0.0314784 0.0560812 0.0264131
2.24609 0.0319122 0.0572383 0.0608721
2.26562 0.0323549 0.0584243 0.0651576
2.28516 0.0328068 0.0596399 0.0449779
2.30469 0.0332681 0.0608856 0.0789079
2.32422 0.0337391 0.062162 0.0405214
2.34375 0.03422 0.0634698 0.0902584
2.36328 0.0347112 0.0648095 0.0561401
2.38281 0.0352129 0.0661818 0.0651524
2.40234 0.0357254 0.0675872 0.0807234
2.42188 0.0362491 0.0690263 0.111868
2.44141 0.0367842 0.0704998 0.0777198
2.46094 0.037331 0.0720082 0.0433061
2.48047 0.0378901 0.0735522 0.0819788
2.5 0.0384615 0.0751323 0.0880897
2.51953 0.0390459 0.076749 0.122384
2.53906 0.0396434 0.0784031 0.0753873
2.55859 0.0402546 0.080095 0.0671765
2.57812 0.0408799 0.0818252 0.0973566
2.59766 0.0415196 0.0835945 0.0590695
2.61719 0.0421742 0.0854032 0.072814
2.63672 0.0428442 0.0872519 0.0879541
2.65625 0.04353 0.0891411 0.0835746
2.67578 0.0442322 0.0910714 0.0962491
2.69531 0.0449512 0.0930432 0.108613
2.71484 0.0456876 0.095057 0.0600169
2.73438 0.046442 0.0971131 0.123209
2.75391 0.0472149 0.0992122 0.11614
2.77344 0.0480069 0.101354 0.0442706
2.79297 0.0488187 0.10354 0.103954
2.8125 0.0496509 0.10577 0.145817
2.83203 0.0505041 0.108045 0.142693
2.85156 0.0513792 0.110364 0.126318
2.87109 0.0522767 0.112728 0.13335
2.89062 0.0531976 0.115137 0.143883
2.91016 0.0541425 0.117592 0.131634
2.92969 0.0551123 0.120092 0.14989
2.94922 0.0561079 0.122639 0.149494
2.96875 0.0571301 0.125231 0.139103
2.98828 0.05818 0.127869 0.122733
3.00781 0.0592584 0.130554 0.115839
3.02734 0.0603665 0.133285 0.163651
3.04688 0.0615052 0.136062 0.144236
3.06641 0.0626757 0.138885 0.144095
3.08594 0.0638792 0.141754 0.158731
3.10547 0.0651169 0.144669 0.109512
3.125 0.06639 0.14763 0.15675
3.14453 0.0677 0.150636 0.13131
3.16406 0.0690481 0.153688 0.146917
3.18359 0.0704358 0.156785 0.174298
3.20312 0.0718647 0.159926 0.171773
3.22266 0.0733363 0.163111 0.199305
3.24219 0.0748524 0.16634 0.152771
3.26172 0.0764147 0.169613 0.14775
3.28125 0.078025 0.172928 0.221893
3.30078 0.0796852 0.176285 0.1749
3.32031 0.0813974 0.179683 0.14304
3.33984 0.0831637 0.183122 0.171975
3.35938 0.0849863 0.186601 0.216708
3.37891 0.0868675 0.190119 0.211889
3.39844 0.0888099 0.193675 0.249459
3.41797 0.0908159 0.197268 0.192997
3.4375 0.0928882 0.200897 0.21705
3.45703 0.0950298 0.204561 0.181692
3.47656 0.0972437 0.208259 0.192964
3.49609 0.0995328 0.21199 0.239833
3.51562 0.101901 0.215753 0.214191
3.53516 0.104351 0.219545 0.185288
3.55469 0.106887 0.223367 0.181109
3.57422 0.109512 0.227216 0.24683
3.59375 0.112231 0.23109 0.202987
3.61328 0.115049 0.23499 0.230559
3.63281 0.117969 0.238912 0.244378
3.65234 0.120996 0.242855 0.264845
3.67188 0.124136 0.246817 0.257024
3.69141 0.127394 0.250797 0.238459
3.71094 0.130775 0.254793 0.250406
3.73047 0.134285 0.258803 0.266352
3.75 0.137931 0.262825 0.26844
3.76953 0.141719 0.266857 0.27647
3.78906 0.145656 0.270897 0.244189
3.80859 0.14975 0.274943 0.275993
3.82812 0.154008 0.278992 0.263861
3.84766 0.158439 0.283044 0.268826
3.86719 0.163051 0.287094 0.296474
3.88672 0.167853 0.291142 0.272457
3.90625 0.172856 0.295185 0.27972
3.92578 0.17807 0.29922 0.282849
3.94531 0.183504 0.303245 0.319152
3.96484 0.189172 0.307257 0.33158
3.98438 0.195085 0.311256 0.337767
4.00391 0.201255 0.315236 0.320282
4.02344 0.207697 0.319197 0.306734
4.04297 0.214425 0.323136 0.314728
4.0625 0.221453 0.32705 0.293859
4.08203 0.228798 0.330937 0.301639
4.10156 0.236476 0.334793 0.352279
4.12109 0.244504 0.338617 0.308197
4.14062 0.252902 0.342406 0.346547
4.16016 0.261688 0.346157 0.324847
4.17969 0.270882 0.349868 0.349163
4.19922 0.280505 0.353536 0.33279
4.21875 0.290579 0.357158 0.391789
4.23828 0.301127 0.360731 0.380429
4.25781 0.312171 0.364254 0.378189
4.27734 0.323737 0.367723 0.372262
4.29688 0.335848 0.371136 0.376388
4.31641 0.348529 0.374491 0.348275
4.33594 0.361805 0.377784 0.399143
4.35547 0.375702 0.381014 0.355531
4.375 0.390244 0.384177 0.356966
4.39453 0.405454 0.387272 0.387049
4.41406 0.421356 0.390296 0.392956
4.43359 0.437969 0.393246 0.341983
4.45312 0.455313 0.396121 0.399848
4.47266 0.473403 0.398917 0.373581
4.49219 0.492249 0.401633 0.425575
4.51172 0.511856 0.404266 0.403364
4.53125 0.532225 0.406814 0.411182
4.55078 0.553345 0.409276 0.401843
4.57031 0.5752 0.411649 0.422544
4.58984 0.59776 0.413931 0.41852
4.60938 0.620982 0.41612 0.414095
4.62891 0.644811 0.418215 0.391389
4.64844 0.669172 0.420213 0.405558
4.66797 0.693973 0.422114 0.414924
4.6875 0.719101 0.423914 0.415182
4.70703 0.744423 0.425614 0.41263
4.72656 0.76978 0.427211 0.450893
4.74609 0.794992 0.428703 0.426379
4.76562 0.819856 0.430091 0.450827
4.78516 0.844144 0.431372 0.414374
4.80469 0.867613 0.432545 0.444859
4.82422 0.889999 0.43361 0.437275
4.84375 0.911032 0.434565 0.418853
4.86328 0.930433 0.43541 0.47094
4.88281 0.947929 0.436144 0.452539
4.90234 0.963255 0.436765 0.449439
4.92188 0.976168 0.437275 0.447237
4.94141 0.986453 0.437672 0.463354
4.96094 0.993934 0.437955 0.422318
4.98047 0.998476 0.438126 0.441459
5 1 0.438182 0.437256
5.01953 0.998476 0.438126 0.450516
5.03906 0.993934 0.437955 0.412959
5.05859 0.986453 0.437672 0.433847
5.07812 0.976168 0.437275 0.426511
5.09766 0.963255 0.436765 0.440015
5.11719 0.947929 0.436144 0.442729
5.13672 0.930433 0.43541 0.438973
5.15625 0.911032 0.434565 0.443446
5.17578 0.889999 0.43361 0.43297
5.19531 0.867613 0.432545 0.450569
5.21484 0.844144 0.431372 0.383862
5.23438 0.819856 0.430091 0.434109
5.25391 0.794992 0.428703 0.472365
5.27344 0.76978 0.427211 0.425922
5.29297 0.744423 0.425614 0.426279
5.3125 0.719101 0.423914 0.408747
5.33203 0.693973 0.422114 0.411582
5.35156 0.669172 0.420213 0.414945
5.37109 0.644811 0.418215 0.431927
5.39062 0.620982 0.41612 0.445387
5.41016 0.59776 0.413931 0.42684
5.42969 0.5752 0.411649 0.425114
5.44922 0.553345 0.409276 0.411404
5.46875 0.532225 0.406814 0.394993
5.48828 0.511856 0.404266 0.378752
5.50781 0.492249 0.401633 0.44432
5.52734 0.473403 0.398917 0.401696
5.54688 0.455313 0.396121 0.382394
5.56641 0.437969 0.393246 0.424823
5.58594 0.421356 0.390296 0.379379
5.60547 0.405454 0.387272 0.39728
5.625 0.390244 0.384177 0.408395
5.64453 0.375702 0.381014 0.386476
5.66406 0.361805 0.377784 0.415899
5.68359 0.348529 0.374491 0.365649
5.70312 0.335848 0.371136 0.366011
5.72266 0.323737 0.367723 0.326365
5.74219 0.312171 0.364254 0.352994
5.76172 0.301127 0.360731 0.34473
5.78125 0.290579 0.357158 0.394267
5.80078 0.280505 0.353536 0.371574
5.82031 0.270882 0.349868 0.357778
5.83984 0.261688 0.346157 0.330272
5.85938 0.252902 0.342406 0.334757
5.87891 0.244504 0.338617 0.336259
5.89844 0.236476 0.334793 0.349666
5.91797 0.228798 0.330937 0.309532
5.9375 0.221453 0.32705 0.335154
5.95703 0.214425 0.323136 0.309435
5.97656 0.207697 0.319197 0.346768
5.99609 0.201255 0.315236 0.292434
6.01562 0.195085 0.311256 0.319545
6.03516 0.189172 0.307257 0.323668
6.05469 0.183504 0.303245 0.275097
6.07422 0.17807 0.29922 0.324317
6.09375 0.172856 0.295185 0.303536
6.11328 0.167853 0.291142 0.292284
6.13281 0.163051 0.287094 0.267613
6.15234 0.158439 0.283044 0.284936
6.17188 0.154008 0.278992 0.253811
6.19141 0.14975 0.274943 0.257007
6.21094 0.145656 0.270897 0.300088
6.23047 0.141719 0.266857 0.25351
6.25 0.137931 0.262825 0.231912
6.26953 0.134285 0.258803 0.270902
6.28906 0.130775 0.254793 0.259796
6.30859 0.127394 0.250797 0.265587
6.32812 0.124136 0.246817 0.261695
6.34766 0.120996 0.242855 0.229635
6.36719 0.117969 0.238912 0.254069
6.38672 0.115049 0.23499 0.228672
6.40625 0.112231 0.23109 0.226032
6.42578 0.109512 0.227216 0.246188
6.44531 0.106887 0.223367 0.224155
6.46484 0.104351 0.219545 0.252721
6.48438 0.101901 0.215753 0.212727
6.50391 0.0995328 0.21199 0.202962
6.52344 0.0972437 0.208259 0.227401
6.54297 0.0950298 0.204561 0.228666
6.5625 0.0928882 0.200897 0.210349
6.58203 0.0908159 0.197268 0.216859
6.60156 0.0888099 0.193675 0.188652
6.62109 0.0868675 0.190119 0.204757
6.64062 0.0849863 0.186601 0.205495
6.66016 0.0831637 0.183122 0.141179
6.67969 0.0813974 0.179683 0.151146
6.69922 0.0796852 0.176285 0.12299
6.71875 0.078025 0.172928 0.212541
6.73828 0.0764147 0.169613 0.173221
6.75781 0.0748524 0.16634 0.174701
6.77734 0.0733363 0.163111 0.14881
6.79688 0.0718647 0.159926 0.154424
6.81641 0.0704358 0.156785 0.135964
6.83594 0.0690481 0.153688 0.12954
6.85547 0.0677 0.150636 0.15568
6.875 0.06639 0.14763 0.0975497
6.89453 0.0651169 0.144669 0.123355
6.91406 0.0638792 0.141754 0.124255
6.93359 0.0626757 0.138885 0.136453
6.95312 0.0615052 0.136062 0.154873
6.97266 0.0603665 0.133285 0.101063
6.99219 0.0592584 0.130554 0.122057
7.01172 0.05818 0.127869 0.114021
7.03125 0.0571301 0.125231 0.10713
7.05078 0.0561079 0.122639 0.145508
7.07031 0.0551123 0.120092 0.116887
7.08984 0.0541425 0.117592 0.124462
7.10938 0.0531976 0.115137 0.0978404
7.12891 0.0522767 0.112728 0.103165
7.14844 0.0513792 0.110364 0.118101
7.16797 0.0505041 0.108045 0.114961
7.1875 0.0496509 0.10577 0.119797
7.20703 0.0488187 0.10354 0.0702054
7.22656 0.0480069 0.101354 0.0819506
7.24609 0.0472149 0.0992122 0.0974921
7.26562 0.046442 0.0971131 0.0774595
7.28516 0.0456876 0.095057 0.0962805
7.30469 0.0449512 0.0930432 0.104172
7.32422 0.0442322 0.0910714 0.113851
7.34375 0.04353 0.0891411 0.0900397
7.36328 0.0428442 0.0872519 0.0300785
7.38281 0.0421742 0.0854032 0.0851854
7.40234 0.0415196 0.0835945 0.116881
7.42188 0.0408799 0.0818252 0.0833701
7.44141 0.0402546 0.080095 0.0892505
7.46094 0.0396434 0.0784031 0.0761174
7.48047 0.0390459 0.076749 0.0631553
7.5 0.0384615 0.0751323 0.0533454
7.51953 0.0378901 0.0735522 0.0619645
7.53906 0.037331 0.0720082 0.0784055
7.55859 0.0367842 0.0704998 0.077615
7.57812 0.0362491 0.0690263 0.0719543
7.59766 0.0357254 0.0675872 0.0852535
7.61719 0.0352129 0.0661818 0.0677256
7.63672 0.0347112 0.0648095 0.0349751
7.65625 0.03422 0.0634698 0.0645002
7.67578 0.0337391 0.062162 0.0578825
7.69531 0.0332681 0.0608856 0.0573579
7.71484 0.0328068 0.0596399 0.0903407
7.73438 0.0323549 0.0584243 0.060174
7.75391 0.0319122 0.0572383 0.0468472
7.77344 0.0314784 0.0560812 0.055033
7.79297 0.0310533 0.0549524 0.0783032
7.8125 0.0306367 0.0538514 0.0475575
7.83203 0.0302283 0.0527776 0.0192625
7.85156 0.0298279 0.0517303 0.0314637
7.87109 0.0294354 0.0507091 0.0493141
7.89062 0.0290505 0.0497133 0.0165544
7.91016 0.028673 0.0487424 0.0330964
7.92969 0.0283027 0.0477958 0.086923
7.94922 0.0279395 0.046873 0.0739953
7.96875 0.0275832 0.0459734 0.0604608
7.98828 0.0272336 0.0450964 0.0533657
8.00781 0.0268906 0.0442417 0.0315134
8.02734 0.0265539 0.0434086 0.00763596
8.04688 0.0262235 0.0425966 0.0049636
8.06641 0.0258991 0.0418052 0.0441794
8.08594 0.0255807 0.041034 0.0497181
8.10547 0.025268 0.0402824 0.0596624
8.125 0.024961 0.0395499 0.0372736
8.14453 0.0246595 0.0388361 0.0456586
8.16406 0.0243634 0.0381406 0.0614868
8.18359 0.0240726 0.0374628 0.0419876
8.20312 0.0237868 0.0368023 0.0275755
8.22266 0.0235062 0.0361587 0.040408
8.24219 0.0232304 0.0355316 0.0742626
8.26172 0.0229594 0.0349205 0.013478
8.28125 0.022693 0.0343251 -0.00783559
8.30078 0.0224313 0.0337449 0.0471056
8.32031 0.022174 0.0331795 0.0428107
8.33984 0.0219211 0.0326286 0.0450449
8.35938 0.0216724 0.0320918 0.00203323
8.37891 0.0214279 0.0315687 0.0463715
8.39844 0.0211876 0.031059 0.0295413
8.41797 0.0209512 0.0305624 0.0144733
8.4375 0.0207187 0.0300784 0.0147916
8.45703 0.02049 0.0296068 0.0566574
8.47656 0.0202651 0.0291473 -0.0157108
8.49609 0.0200438 0.0286995 0.032873
8.51562 0.0198261 0.0282632 0.0146289
8.53516 0.019612 0.0278379 0.0447529
8.55469 0.0194012 0.0274236 0.0176935
8.57422 0.0191938 0.0270198 0.0500067
8.59375 0.0189897 0.0266264 0.027795
8.61328 0.0187888 0.026243 0.0426986
8.63281 0.0185911 0.0258694 0.0540878
8.65234 0.0183964 0.0255054 0.00728132
8.67188 0.0182048 0.0251507 0.0409911
8.69141 0.0180161 0.0248051 0.0176976
8.71094 0.0178303 0.0244683 0.0495024
8.73047 0.0176474 0.0241402 0.0208636
8.75 0.0174672 0.0238205 0.00463536
8.76953 0.0172898 0.0235091 0.0233863
8.78906 0.0171151 0.0232056 0.0168362
8.80859 0.016943 0.0229101 0.0430046
8.82812 0.0167734 0.0226222 0.0481809
8.84766 0.0166064 0.0223417 0.0340172
8.86719 0.0164418 0.0220686 0.0355226
8.88672 0.0162797 0.0218026 0.00101018
8.90625 0.0161199 0.0215437 0.0445102
8.92578 0.0159624 0.0212915 0.0348112
8.94531 0.0158073 0.021046 0.019426
8.96484 0.0156544 0.0208071 0.0180539
8.98438 0.0155036 0.0205745 0.00339651
9.00391 0.0153551 0.0203483 -0.0193211
9.02344 0.0152086 0.0201281 -0.0195709
9.04297 0.0150642 0.019914 0.0423778
9.0625 0.0149219 0.0197057 0.0313116
9.08203 0.0147815 0.0195033 -0.00842365
9.10156 0.0146432 0.0193065 0.0317393
9.12109 0.0145067 0.0191152 0.0416055
9.14062 0.0143721 0.0189294 0.0122356
9.16016 0.0142394 0.018749 0.0253199
9.17969 0.0141085 0.0185738 0.0356958
9.19922 0.0139794 0.0184038 0.0114978
9.21875 0.0138521 0.0182389 0.00122542
9.23828 0.0137264 0.018079 0.0456148
9.25781 0.0136025 0.017924 0.0184381
9.27734 0.0134802 0.0177739 0.0125979
9.29688 0.0133596 0.0176285 0.0180655
9.31641 0.0132406 0.0174878 0.00610917
9.33594 0.0131231 0.0173518 -0.0204829
9.35547 0.0130072 0.0172203 0.0398498
9.375 0.0128928 0.0170933 0.0105646
9.39453 0.0127799 0.0169708 0.0113137
9.41406 0.0126685 0.0168527 -0.0103456
9.43359 0.0125586 0.0167389 0.0464125
9.45312 0.01245 0.0166294 0.00501708
9.47266 0.0123428 0.0165242 0.0427123
9.49219 0.0122371 0.0164231 -0.00268032
9.51172 0.0121326 0.0163262 0.0252759
9.53125 0.0120295 0.0162334 0.0130536
9.55078 0.0119277 0.0161447 0.00179122
9.57031 0.0118272 0.01606 0.0384979
9.58984 0.0117279 0.0159793 0.0230987
9.60938 0.0116299 0.0159026 0.0149872
9.62891 0.0115331 0.0158298 0.0481788
9.64844 0.0114375 0.0157609 0.0128226
9.66797 0.011343 0.0156959 0.0340605
9.6875 0.0112498 0.0156347 -0.000644351
9.70703 0.0111577 0.0155773 0.000613329
9.72656 0.0110667 0.0155238 0.0256948
9.74609 0.0109768 0.015474 0.033358
9.76562 0.0108879 0.015428 0.0393574
9.78516 0.0108002 0.0153857 0.0176288
9.80469 0.0107135 0.0153472 0.0253538
9.82422 0.0106279 0.0153124 0.00678482
9.84375 0.0105432 0.0152813 0.0151258
9.86328 0.0104596 0.0152538 0.0673993
9.88281 0.0103769 0.0152301 0.00049163
9.90234 0.0102953 0.01521 0.000234371
9.92188 0.0102146 0.0151936 0.0136017
9.94141 0.0101348 0.0151808 0.0262753
9.96094 0.010056 0.0151717 -0.0296031
9.98047 0.00997802 0.0151662 0.0184212
