0 0.00990099 -0.00205048 3.10369e+06
0.0195312 0.00997802 0.0405602 -8.93811e+06
0.0390625 0.010056 -0.00943337 1.03561e+07
0.0585938 0.0101348 -0.014196 -4.9349e+06
0.078125 0.0102146 0.0153134 3.71452e+06
0.0976562 0.0102953 0.0403493 -1.87534e+06
0.117188 0.0103769 0.0272051 -1.1195e+06
0.136719 0.0104596 0.00322533 1.47347e+06
0.15625 0.0105432 0.0221198 -2.61572e+06
0.175781 0.0106279 0.0529273 4.97376e+06
0.195312 0.0107135 0.047183 -1.48415e+07
0.214844 0.0108002 0.0405267 2.06922e+07
0.234375 0.0108879 0.0148236 -2.08815e+06
0.253906 0.0109768 0.000654975 -1.49499e+07
0.273438 0.0110667 4.77781e-05 8.27039e+06
0.292969 0.0111577 0.0332273 -3.12335e+06
0.3125 0.0112498 0.00264716 3.63558e+06
0.332031 0.011343 0.0461887 134776
0.351562 0.0114375 0.0352024 2.43133e+06
0.371094 0.0115331 0.0232196 -615822
0.390625 0.0116299 0.0246594 -5.65508e+06
0.410156 0.0117279 0.00621853 2.96579e+06
0.429688 0.0118272 0.00838083 -2.108e+06
0.449219 0.0119277 -0.0326003 -457406
0.46875 0.0120295 0.0243195 67667.9
0.488281 0.0121326 0.0219521 1.44618e+07
0.507812 0.0122371 0.0121602 -1.90949e+07
0.527344 0.0123428 -0.000187218 4.11987e+06
0.546875 0.01245 0.0303225 1.09062e+07
0.566406 0.0125586 0.0294604 -1.55037e+07
0.585938 0.0126685 -0.00239899 1.11845e+07
0.605469 0.0127799 0.0259573 -1.19613e+06
0.625 0.0128928 0.0218261 -5.83951e+06
0.644531 0.0130072 0.0385091 9.04415e+06
0.664062 0.0131231 0.00692055 -1.40737e+07
0.683594 0.0132406 -0.0203169 8.93528e+06
0.703125 0.0133596 0.026378 -7.0268e+06
0.722656 0.0134802 -0.00548844 1.17399e+07
0.742188 0.0136025 0.00884371 -6.11843e+06
0.761719 0.0137264 0.0289982 1.02093e+07
0.78125 0.0138521 -0.00890189 -1.27654e+07
0.800781 0.0139794 0.0147842 1.54688e+06
0.820312 0.0141085 0.0100933 -2.419e+06
0.839844 0.0142394 0.0295381 5.6627e+06
0.859375 0.0143721 0.0399231 -507908
0.878906 0.0145067 0.00942044 2.10563e+06
0.898438 0.0146432 0.0207515 -9.44399e+06
0.917969 0.0147815 0.000747655 1.16151e+07
0.9375 0.0149219 0.0200664 -9.0467e+06
0.957031 0.0150642 0.0397592 1.11273e+07
0.976562 0.0152086 0.00247326 -1.61762e+07
0.996094 0.0153551 0.0189143 1.43794e+07
1.01562 0.0155036 -0.00184929 -4.0551e+06
1.03516 0.0156544 0.0139604 -9.29763e+06
1.05469 0.0158073 0.00151764 1.72654e+07
1.07422 0.0159624 0.00855538 -1.23576e+07
1.09375 0.0161199 0.0115185 1.67028e+06
1.11328 0.0162797 0.0416489 -2.35932e+06
1.13281 0.0164418 0.00589292 7.4281e+06
1.15234 0.0166064 -0.0155529 -8.52847e+06
1.17188 0.0167734 0.0570921 6.08553e+06
1.19141 0.016943 0.0130521 7.05434e+06
1.21094 0.0171151 0.022513 -1.58255e+07
1.23047 0.0172898 0.0100594 4.42265e+06
1.25 0.0174672 0.0247435 1.07183e+07
1.26953 0.0176474 0.0293633 -8.83493e+06
1.28906 0.0178303 0.0409952 2.97143e+06
1.30859 0.0180161 0.0771116 -1.72385e+06
1.32812 0.0182048 0.0341692 -4.97906e+06
1.34766 0.0183964 0.00973565 9.96902e+06
1.36719 0.0185911 0.0149338 -8.79492e+06
1.38672 0.0187888 0.0665817 4.01721e+06
1.40625 0.0189897 -0.0179239 4.02161e+06
1.42578 0.0191938 0.0245311 -7.45721e+06
1.44531 0.0194012 0.00302536 8.90713e+06
1.46484 0.019612 0.0349377 -1.21233e+07
1.48438 0.0198261 0.0322909 5.32441e+06
1.50391 0.0200438 0.0234461 6.03196e+06
1.52344 0.0202651 0.0394639 -4.11349e+06
1.54297 0.02049 0.058091 -3.48906e+06
1.5625 0.0207187 0.0282219 4.35076e+06
1.58203 0.0209512 0.0237717 -6.14943e+06
1.60156 0.0211876 0.00455919 7.80154e+06
1.62109 0.0214279 0.00294453 -2.73689e+06
1.64062 0.0216724 0.0131243 -1.14925e+07
1.66016 0.0219211 0.0649392 1.31304e+07
1.67969 0.022174 0.0646087 -6.6826e+06
1.69922 0.0224313 0.0262198 2.07916e+07
1.71875 0.022693 0.0476559 -2.27641e+07
1.73828 0.0229594 0.0165316 7.16369e+06
1.75781 0.0232304 0.0551849 -4.84763e+06
1.77734 0.0235062 0.0573605 5.55152e+06
1.79688 0.0237868 0.0209464 -4.24832e+06
1.81641 0.0240726 0.0680482 2.13179e+06
1.83594 0.0243634 0.0587782 5.75035e+06
1.85547 0.0246595 0.014884 -1.48652e+07
1.875 0.024961 0.0954907 1.48328e+07
1.89453 0.025268 0.0300525 -4.37486e+06
1.91406 0.0255807 0.052271 1.99378e+06
1.93359 0.0258991 0.036936 1.07704e+06
1.95312 0.0262235 0.0375675 -1.27685e+07
1.97266 0.0265539 0.0390963 1.31962e+07
1.99219 0.0268906 0.108241 -5.12219e+06
2.01172 0.0272336 0.0322801 198946
2.03125 0.0275832 0.0705214 7.97409e+06
2.05078 0.0279395 0.0733407 -1.18541e+07
2.07031 0.0283027 0.0570546 6.35486e+06
2.08984 0.028673 0.0487388 -6.05464e+06
2.10938 0.0290505 0.0517387 5.62788e+06
2.12891 0.0294354 0.0660984 1.68402e+06
2.14844 0.0298279 0.0286579 -3.21623e+06
2.16797 0.0302283 0.0228618 1.37286e+06
2.1875 0.0306367 0.0648101 -9.6251e+06
2.20703 0.0310533 0.0707655 1.08292e+07
2.22656 0.0314784 0.0264131 677724
2.24609 0.0319122 0.0608721 -6.27993e+06
2.26562 0.0323549 0.0651576 6.85233e+06
2.28516 0.0328068 0.0449779 -1.94343e+06
2.30469 0.0332681 0.0789079 281882
2.32422 0.0337391 0.0405214 -5.94603e+06
2.34375 0.03422 0.0902584 -6.38117e+06
2.36328 0.0347112 0.0561401 2.03317e+07
2.38281 0.0352129 0.0651524 -4.1348e+06
2.40234 0.0357254 0.0807234 -1.15426e+07
2.42188 0.0362491 0.111868 6.92236e+06
2.44141 0.0367842 0.0777198 -3.37175e+06
2.46094 0.037331 0.0433061 23976.5
2.48047 0.0378901 0.0819788 566417
2.5 0.0384615 0.0880897 3.2692e+06
2.51953 0.0390459 0.122384 1.38712e+06
2.53906 0.0396434 0.0753873 -3.05022e+06
2.55859 0.0402546 0.0671765 -874159
2.57812 0.0408799 0.0973566 3.32848e+06
2.59766 0.0415196 0.0590695 -5.45915e+06
2.61719 0.0421742 0.072814 -2.68726e+06
2.63672 0.0428442 0.0879541 1.10052e+07
2.65625 0.04353 0.0835746 -6.36934e+06
2.67578 0.0442322 0.0962491 1.07553e+06
2.69531 0.0449512 0.108613 5.90166e+06
2.71484 0.0456876 0.0600169 -1.11679e+07
2.73438 0.046442 0.123209 2.95935e+06
2.75391 0.0472149 0.11614 3.80017e+06
2.77344 0.0480069 0.0442706 2.65454e+06
2.79297 0.0488187 0.103954 -9.54855e+06
2.8125 0.0496509 0.145817 437797
2.83203 0.0505041 0.142693 7.17693e+06
2.85156 0.0513792 0.126318 1.02145e+06
2.87109 0.0522767 0.13335 -8.91266e+06
2.89062 0.0531976 0.143883 8.72628e+06
2.91016 0.0541425 0.131634 6.58412e+06
2.92969 0.0551123 0.14989 -1.18161e+07
2.94922 0.0561079 0.149494 -151541
2.96875 0.0571301 0.139103 1.10758e+06
2.98828 0.05818 0.122733 -2.61561e+06
3.00781 0.0592584 0.115839 -342904
3.02734 0.0603665 0.163651 3.78134e+06
3.04688 0.0615052 0.144236 7.42569e+06
3.06641 0.0626757 0.144095 -5.93905e+06
3.08594 0.0638792 0.158731 756870
3.10547 0.0651169 0.109512 -5.72798e+06
3.125 0.06639 0.15675 5.41562e+06
3.14453 0.0677 0.13131 1.29408e+06
3.16406 0.0690481 0.146917 -6.26127e+06
3.18359 0.0704358 0.174298 882652
3.20312 0.0718647 0.171773 4.80456e+06
3.22266 0.0733363 0.199305 3.68913e+06
3.24219 0.0748524 0.152771 -1.6727e+07
3.26172 0.0764147 0.14775 6.97606e+06
3.28125 0.078025 0.221893 1.34838e+07
3.30078 0.0796852 0.1749 -1.04549e+07
3.32031 0.0813974 0.14304 1.13065e+06
3.33984 0.0831637 0.171975 -7.98946e+06
3.35938 0.0849863 0.216708 1.54208e+07
3.37891 0.0868675 0.211889 -1.07958e+07
3.39844 0.0888099 0.249459 309432
3.41797 0.0908159 0.192997 2.73036e+06
3.4375 0.0928882 0.21705 7.33601e+06
3.45703 0.0950298 0.181692 -2.01557e+07
3.47656 0.0972437 0.192964 2.13619e+07
3.49609 0.0995328 0.239833 -1.17739e+07
3.51562 0.101901 0.214191 8.53622e+06
3.53516 0.104351 0.185288 -1.00938e+07
3.55469 0.106887 0.181109 1.04688e+07
3.57422 0.109512 0.24683 -9.63398e+06
3.59375 0.112231 0.202987 6.53441e+06
3.61328 0.115049 0.230559 -641773
3.63281 0.117969 0.244378 -1.0287e+07
3.65234 0.120996 0.264845 1.42061e+07
3.67188 0.124136 0.257024 -1.0058e+07
3.69141 0.127394 0.238459 9.71476e+06
3.71094 0.130775 0.250406 -1.06768e+07
3.73047 0.134285 0.266352 2.19323e+06
3.75 0.137931 0.26844 6.19076e+06
3.76953 0.141719 0.27647 -4.45128e+06
3.78906 0.145656 0.244189 5.77389e+06
3.80859 0.14975 0.275993 -3.72243e+06
3.82812 0.154008 0.263861 -3.43964e+06
3.84766 0.158439 0.268826 2.74518e+06
3.86719 0.163051 0.296474 -6.35837e+06
3.88672 0.167853 0.272457 1.37703e+07
3.90625 0.172856 0.27972 -9.39783e+06
3.92578 0.17807 0.282849 -1.01809e+06
3.94531 0.183504 0.319152 2.47279e+06
3.96484 0.189172 0.33158 -2.33233e+06
3.98438 0.195085 0.337767 -1.39122e+06
4.00391 0.201255 0.320282 4.01707e+06
4.02344 0.207697 0.306734 1.10124e+07
4.04297 0.214425 0.314728 -1.2888e+07
4.0625 0.221453 0.293859 -5.06412e+06
4.08203 0.228798 0.301639 1.41101e+07
4.10156 0.236476 0.352279 -5.35289e+06
4.12109 0.244504 0.308197 -6.94224e+06
4.14062 0.252902 0.346547 7.48427e+06
4.16016 0.261688 0.324847 -487867
4.17969 0.270882 0.349163 -6.11463e+06
4.19922 0.280505 0.33279 2.4602e+06
4.21875 0.290579 0.391789 9.64752e+06
4.23828 0.301127 0.380429 -1.26445e+07
4.25781 0.312171 0.378189 3.75319e+06
4.27734 0.323737 0.372262 1.99558e+06
4.29688 0.335848 0.376388 -3.07192e+06
4.31641 0.348529 0.348275 -2.56366e+06
4.33594 0.361805 0.399143 1.53578e+07
4.35547 0.375702 0.355531 -1.58169e+07
4.375 0.390244 0.356966 5.29419e+06
4.39453 0.405454 0.387049 -3.94114e+06
4.41406 0.421356 0.392956 1.38439e+07
4.43359 0.437969 0.341983 -1.73304e+07
4.45312 0.455313 0.399848 1.39394e+07
4.47266 0.473403 0.373581 -1.46723e+07
4.49219 0.492249 0.425575 1.29398e+07
4.51172 0.511856 0.403364 -7.09099e+06
4.53125 0.532225 0.411182 170739
4.55078 0.553345 0.401843 8.46482e+06
4.57031 0.5752 0.422544 -9.21016e+06
4.58984 0.59776 0.41852 1.27073e+06
4.60938 0.620982 0.414095 7.2724e+06
4.62891 0.644811 0.391389 -1.21185e+07
4.64844 0.669172 0.405558 9.9688e+06
4.66797 0.693973 0.414924 -9.87725e+06
4.6875 0.719101 0.415182 6.357e+06
4.70703 0.744423 0.41263 4.2183e+06
4.72656 0.76978 0.450893 -3.08006e+06
4.74609 0.794992 0.426379 -316879
4.76562 0.819856 0.450827 -4.91449e+06
4.78516 0.844144 0.414374 5.1866e+06
4.80469 0.867613 0.444859 -4.64006e+06
4.82422 0.889999 0.437275 4.75599e+06
4.84375 0.911032 0.418853 7.74151e+06
4.86328 0.930433 0.47094 -2.10558e+07
4.88281 0.947929 0.452539 1.17645e+07
4.90234 0.963255 0.449439 2.42878e+06
4.92188 0.976168 0.447237 -111612
4.94141 0.986453 0.463354 -1.20782e+07
4.96094 0.993934 0.422318 1.83702e+07
4.98047 0.998476 0.441459 -1.20559e+07
5 1 0.437256 1.11425e+07
5.01953 0.998476 0.450516 -1.63332e+07
5.03906 0.993934 0.412959 8.01058e+06
5.05859 0.986453 0.433847 6.08805e+06
5.07812 0.976168 0.426511 -777858
5.09766 0.963255 0.440015 -6.74994e+06
5.11719 0.947929 0.442729 -1.91588e+06
5.13672 0.930433 0.438973 7.57646e+06
5.15625 0.911032 0.443446 2.09672e+06
5.17578 0.889999 0.43297 -6.48268e+06
5.19531 0.867613 0.450569 -199115
5.21484 0.844144 0.383862 -3.38263e+06
5.23438 0.819856 0.434109 2.03972e+06
5.25391 0.794992 0.472365 2.41727e+06
5.27344 0.76978 0.425922 5.97896e+06
5.29297 0.744423 0.426279 -1.12463e+07
5.3125 0.719101 0.408747 1.30762e+07
5.33203 0.693973 0.411582 -9.64105e+06
5.35156 0.669172 0.414945 -199689
5.37109 0.644811 0.431927 2.35632e+06
5.39062 0.620982 0.445387 -3.51033e+06
5.41016 0.59776 0.42684 3.64466e+06
5.42969 0.5752 0.425114 -7.5835e+06
5.44922 0.553345 0.411404 1.73111e+07
5.46875 0.532225 0.394993 -1.04511e+07
5.48828 0.511856 0.378752 -1.31647e+06
5.50781 0.492249 0.44432 -445464
5.52734 0.473403 0.401696 7.56816e+06
5.54688 0.455313 0.382394 -5.54776e+06
5.56641 0.437969 0.424823 -5.48129e+06
5.58594 0.421356 0.379379 1.06256e+07
5.60547 0.405454 0.39728 -5.73991e+06
5.625 0.390244 0.408395 3.65072e+06
5.64453 0.375702 0.386476 -8.53894e+06
5.66406 0.361805 0.415899 772867
5.68359 0.348529 0.365649 1.30643e+07
5.70312 0.335848 0.366011 -1.38559e+07
5.72266 0.323737 0.326365 8.15813e+06
5.74219 0.312171 0.352994 1.02716e+06
5.76172 0.301127 0.34473 -1.02503e+07
5.78125 0.290579 0.394267 1.08715e+07
5.80078 0.280505 0.371574 -5.00432e+06
5.82031 0.270882 0.357778 4.2487e+06
5.83984 0.261688 0.330272 -1.62516e+06
5.85938 0.252902 0.334757 -7.24471e+06
5.87891 0.244504 0.336259 7.36582e+06
5.89844 0.236476 0.349666 -5.5341e+06
5.91797 0.228798 0.309532 6.93691e+06
5.9375 0.221453 0.335154 50711.4
5.95703 0.214425 0.309435 -1.00765e+07
5.97656 0.207697 0.346768 9.47188e+06
5.99609 0.201255 0.292434 -6.56283e+06
6.01562 0.195085 0.319545 6.45915e+06
6.03516 0.189172 0.323668 -4.97783e+06
6.05469 0.183504 0.275097 3.44601e+06
6.07422 0.17807 0.324317 -711088
6.09375 0.172856 0.303536 4.78642e+06
6.11328 0.167853 0.292284 -1.16418e+07
6.13281 0.163051 0.267613 2.53287e+06
6.15234 0.158439 0.284936 1.66132e+07
6.17188 0.154008 0.253811 -2.06059e+07
6.19141 0.14975 0.257007 9.42625e+06
6.21094 0.145656 0.300088 -3.86544e+06
6.23047 0.141719 0.25351 4.79125e+06
6.25 0.137931 0.231912 -1.77957e+06
6.26953 0.134285 0.270902 1.2217e+06
6.28906 0.130775 0.259796 4.28241e+06
6.30859 0.127394 0.265587 -1.40012e+07
6.32812 0.124136 0.261695 3.24338e+06
6.34766 0.120996 0.229635 5.23959e+06
6.36719 0.117969 0.254069 8.1948e+06
6.38672 0.115049 0.228672 -2.40322e+07
6.40625 0.112231 0.226032 2.24227e+07
6.42578 0.109512 0.246188 -1.12554e+07
6.44531 0.106887 0.224155 9.44571e+06
6.46484 0.104351 0.252721 -6.09082e+06
6.48438 0.101901 0.212727 -1.09168e+06
6.50391 0.0995328 0.202962 4.39186e+06
6.52344 0.0972437 0.227401 451261
6.54297 0.0950298 0.228666 -8.57345e+06
6.5625 0.0928882 0.210349 4.48684e+06
6.58203 0.0908159 0.216859 -2.58024e+06
6.60156 0.0888099 0.188652 3.14728e+06
6.62109 0.0868675 0.204757 2.12896e+06
6.64062 0.0849863 0.205495 7.36916e+06
6.66016 0.0831637 0.141179 -9.21913e+06
6.67969 0.0813974 0.151146 -6.73734e+06
6.69922 0.0796852 0.12299 1.05554e+07
6.71875 0.078025 0.212541 -9.264e+06
6.73828 0.0764147 0.173221 1.23238e+07
6.75781 0.0748524 0.174701 -6.44179e+06
6.77734 0.0733363 0.14881 -6.81623e+06
6.79688 0.0718647 0.154424 1.47383e+07
6.81641 0.0704358 0.135964 -9.96177e+06
6.83594 0.0690481 0.12954 -6.1182e+06
6.85547 0.0677 0.15568 2.19656e+07
6.875 0.06639 0.0975497 -2.579e+07
6.89453 0.0651169 0.123355 1.54569e+07
6.91406 0.0638792 0.124255 -6.62211e+06
6.93359 0.0626757 0.136453 2.82475e+06
6.95312 0.0615052 0.154873 170998
6.97266 0.0603665 0.101063 1.19169e+07
6.99219 0.0592584 0.122057 -2.56404e+07
7.01172 0.05818 0.114021 2.01308e+07
7.03125 0.0571301 0.10713 -6.27052e+06
7.05078 0.0561079 0.145508 -3.40107e+06
7.07031 0.0551123 0.116887 1.3912e+06
7.08984 0.0541425 0.124462 1.99337e+06
7.10938 0.0531976 0.0978404 1.99757e+06
7.12891 0.0522767 0.103165 -9.14383e+06
7.14844 0.0513792 0.118101 5.60527e+06
7.16797 0.0505041 0.114961 8.44968e+06
7.1875 0.0496509 0.119797 -6.35554e+06
7.20703 0.0488187 0.0702054 -8.88377e+06
7.22656 0.0480069 0.0819506 1.3918e+07
7.24609 0.0472149 0.0974921 -5.32143e+06
7.26562 0.046442 0.0774595 -4.32132e+06
7.28516 0.0456876 0.0962805 9.54526e+06
7.30469 0.0449512 0.104172 -1.27642e+07
7.32422 0.0442322 0.113851 1.55441e+07
7.34375 0.04353 0.0900397 -1.48092e+07
7.36328 0.0428442 0.0300785 7.60245e+06
7.38281 0.0421742 0.0851854 1.15164e+06
7.40234 0.0415196 0.116881 2.71806e+06
7.42188 0.0408799 0.0833701 -1.15645e+07
7.44141 0.0402546 0.0892505 -61725.4
7.46094 0.0396434 0.0761174 1.29073e+07
7.48047 0.0390459 0.0631553 -5.74953e+06
7.5 0.0384615 0.0533454 4.94001e+06
7.51953 0.0378901 0.0619645 -1.43838e+07
7.53906 0.037331 0.0784055 6.83156e+06
7.55859 0.0367842 0.077615 6.77724e+06
7.57812 0.0362491 0.0719543 -1.20795e+07
7.59766 0.0357254 0.0852535 9.19751e+06
7.61719 0.0352129 0.0677256 264664
7.63672 0.0347112 0.0349751 -3.43705e+06
7.65625 0.03422 0.0645002 3.01263e+06
7.67578 0.0337391 0.0578825 -60272.7
7.69531 0.0332681 0.0573579 -1.07538e+07
7.71484 0.0328068 0.0903407 1.97385e+07
7.73438 0.0323549 0.060174 -1.24061e+07
7.75391 0.0319122 0.0468472 -1.14306e+07
7.77344 0.0314784 0.055033 2.32529e+07
7.79297 0.0310533 0.0783032 -3.13303e+06
7.8125 0.0306367 0.0475575 -7.97456e+06
7.83203 0.0302283 0.0192625 -2.3787e+06
7.85156 0.0298279 0.0314637 4.1043e+06
7.87109 0.0294354 0.0493141 592588
7.89062 0.0290505 0.0165544 -4.04692e+06
7.91016 0.028673 0.0330964 5.35781e+06
7.92969 0.0283027 0.086923 -3.32098e+06
7.94922 0.0279395 0.0739953 -1.79171e+06
7.96875 0.0275832 0.0604608 -1.06538e+06
7.98828 0.0272336 0.0533657 1.68407e+06
8.00781 0.0268906 0.0315134 9.66228e+06
8.02734 0.0265539 0.00763596 -1.18739e+07
8.04688 0.0262235 0.0049636 3.38952e+06
8.06641 0.0258991 0.0441794 2.602e+06
8.08594 0.0255807 0.0497181 -1.1261e+07
8.10547 0.025268 0.0596624 1.70433e+07
8.125 0.024961 0.0372736 -1.28035e+07
8.14453 0.0246595 0.0456586 7.26251e+06
8.16406 0.0243634 0.0614868 2.08882e+06
8.18359 0.0240726 0.0419876 -5.28615e+06
8.20312 0.0237868 0.0275755 5.27946e+06
8.22266 0.0235062 0.040408 -1.3091e+07
8.24219 0.0232304 0.0742626 7.33298e+06
8.26172 0.0229594 0.013478 1.39739e+07
8.28125 0.022693 -0.00783559 -2.13999e+07
8.30078 0.0224313 0.0471056 2.6676e+06
8.32031 0.022174 0.0428107 1.07594e+07
8.33984 0.0219211 0.0450449 2.79767e+06
8.35938 0.0216724 0.00203323 -8.7706e+06
8.37891 0.0214279 0.0463715 7.42945e+06
8.39844 0.0211876 0.0295413 -1.66422e+07
8.41797 0.0209512 0.0144733 1.41798e+07
8.4375 0.0207187 0.0147916 -1.04886e+07
8.45703 0.02049 0.0566574 8.23974e+06
8.47656 0.0202651 -0.0157108 6.28561e+06
8.49609 0.0200438 0.032873 -1.28141e+07
8.51562 0.0198261 0.0146289 -577977
8.53516 0.019612 0.0447529 4.39785e+06
8.55469 0.0194012 0.0176935 1.23635e+07
8.57422 0.0191938 0.0500067 -1.9328e+07
8.59375 0.0189897 0.027795 1.26085e+07
8.61328 0.0187888 0.0426986 -2.42281e+06
8.63281 0.0185911 0.0540878 1.15407e+06
8.65234 0.0183964 0.00728132 -5.02189e+06
8.67188 0.0182048 0.0409911 -1.91556e+06
8.69141 0.0180161 0.0176976 5.38193e+06
8.71094 0.0178303 0.0495024 701690
8.73047 0.0176474 0.0208636 -2.46017e+06
8.75 0.0174672 0.00463536 1.02906e+06
8.76953 0.0172898 0.0233863 -7.1205e+06
8.78906 0.0171151 0.0168362 1.13148e+07
8.80859 0.016943 0.0430046 -7.74603e+06
8.82812 0.0167734 0.0481809 3.02461e+06
8.84766 0.0166064 0.0340172 4.00744e+06
8.86719 0.0164418 0.0355226 -9.11859e+06
8.88672 0.0162797 0.00101018 5.52799e+06
8.90625 0.0161199 0.0445102 -711814
8.92578 0.0159624 0.0348112 5.85855e+06
8.94531 0.0158073 0.019426 -4.2335e+06
8.96484 0.0156544 0.0180539 -1.14083e+06
8.98438 0.0155036 0.00339651 -4.21288e+06
9.00391 0.0153551 -0.0193211 680913
9.02344 0.0152086 -0.0195709 3.80686e+06
9.04297 0.0150642 0.0423778 -5.07337e+06
9.0625 0.0149219 0.0313116 5.08998e+06
9.08203 0.0147815 -0.00842365 7.58723e+06
9.10156 0.0146432 0.0317393 -1.67068e+07
9.12109 0.0145067 0.0416055 1.45574e+07
9.14062 0.0143721 0.0122356 -1.0581e+07
9.16016 0.0142394 0.0253199 8.13275e+06
9.17969 0.0141085 0.0356958 -7.16394e+06
9.19922 0.0139794 0.0114978 1.33016e+07
9.21875 0.0138521 0.00122542 -1.24397e+07
9.23828 0.0137264 0.0456148 1.57745e+06
9.25781 0.0136025 0.0184381 -668875
9.27734 0.0134802 0.0125979 1.76522e+06
9.29688 0.0133596 0.0180655 -5.68213e+06
9.31641 0.0132406 0.00610917 1.39484e+07
9.33594 0.0131231 -0.0204829 -1.6664e+07
9.35547 0.0130072 0.0398498 7.97354e+06
9.375 0.0128928 0.0105646 5.08918e+06
9.39453 0.0127799 0.0113137 -4.2512e+06
9.41406 0.0126685 -0.0103456 -1.00133e+07
9.43359 0.0125586 0.0464125 1.92463e+07
9.45312 0.01245 0.00501708 -1.48124e+07
9.47266 0.0123428 0.0427123 1.38251e+07
9.49219 0.0122371 -0.00268032 -1.3093e+07
9.51172 0.0121326 0.0252759 5.29746e+06
9.53125 0.0120295 0.0130536 -3.01811e+06
9.55078 0.0119277 0.00179122 5.31044e+06
9.57031 0.0118272 0.0384979 -4.35888e+06
9.58984 0.0117279 0.0230987 -65842.4
9.60938 0.0116299 0.0149872 -3.20373e+06
9.62891 0.0115331 0.0481788 6.54576e+06
9.64844 0.0114375 0.0128226 -810305
9.66797 0.011343 0.0340605 -1.5786e+06
9.6875 0.0112498 -0.000644351 -466446
9.70703 0.0111577 0.000613329 7.22185e+06
9.72656 0.0110667 0.0256948 -1.10717e+07
9.74609 0.0109768 0.033358 8.64193e+06
9.76562 0.0108879 0.0393574 -1.07357e+07
9.78516 0.0108002 0.0176288 1.18308e+07
9.80469 0.0107135 0.0253538 -6.70149e+06
9.82422 0.0106279 0.00678482 -1.89303e+06
9.84375 0.0105432 0.0151258 1.24599e+07
9.86328 0.0104596 0.0673993 -1.24416e+07
9.88281 0.0103769 0.00049163 2.69294e+06
9.90234 0.0102953 0.000234371 163207
9.92188 0.0102146 0.0136017 3.23533e+06
9.94141 0.0101348 0.0262753 -1.00759e+07
9.96094 0.010056 -0.0296031 1.06448e+07
9.98047 0.00997802 0.0184212 -4.08836e+06
