0 0.00990099 0.046627  -0.00353117 -0.0185162 0.00973926 0.00961077
0.0195312 0.00997802 0.00122044  -0.00132809 -0.0209769 0.0100963 0.0100302
0.0390625 0.010056 -0.005019  -0.000504675 -0.0225476 0.0105267 0.0104369
0.0585938 0.0101348 0.0157312  -0.0012701 -0.0231768 0.0110326 0.0108277
0.078125 0.0102146 -0.00744639  -0.003673 -0.0228325 0.0116133 0.0111992
0.0976562 0.0102953 0.0144287  -0.00759424 -0.0215034 0.0122646 0.0115483
0.117188 0.0103769 0.0421125  -0.0127516 -0.0191989 0.0129794 0.0118718
0.136719 0.0104596 0.00469911  -0.0187163 -0.0159506 0.0137473 0.0121666
0.15625 0.0105432 0.0107996  -0.0249402 -0.0118124 0.0145548 0.0124297
0.175781 0.0106279 0.0104173  -0.0307926 -0.00686133 0.0153858 0.0126583
0.195312 0.0107135 0.0382152  -0.0356035 -0.00119746 0.0162213 0.0128496
0.214844 0.0108002 0.0262669  -0.0387122 0.00505606 0.0170403 0.0130012
0.234375 0.0108879 0.00969763  -0.0395158 0.0117541 0.01782 0.0131108
0.253906 0.0109768 0.0102033  -0.0375172 0.0187311 0.0185361 0.0131765
0.273438 0.0110667 0.00837503  -0.0323668 0.0258035 0.0191638 0.0131966
0.292969 0.0111577 0.00396794  -0.0238976 0.0327732 0.0196781 0.0131699
0.3125 0.0112498 -0.0136016  -0.0121485 0.0394322 0.0200551 0.0130956
0.332031 0.011343 -0.0153471  0.00262324 0.0455678 0.0202721 0.0129734
0.351562 0.0114375 0.00867161  0.0199437 0.0509686 0.020309 0.0128035
0.371094 0.0115331 -0.0159594  0.0391374 0.055432 0.020149 0.0125868
0.390625 0.0116299 0.000352349  0.0593554 0.0587712 0.0197791 0.0123248
0.410156 0.0117279 0.03171  0.0796158 0.0608232 0.0191916 0.0120198
0.429688 0.0118272 0.0360454  0.0988532 0.0614557 0.0183841 0.0116747
0.449219 0.0119277 -0.000639626  0.115976 0.0605746 0.0173604 0.0112932
0.46875 0.0120295 0.0362864  0.129928 0.0581301 0.0161308 0.0108799
0.488281 0.0121326 0.0101828  0.139749 0.0541215 0.0147123 0.0104398
0.507812 0.0122371 0.0316373  0.144632 0.0486004 0.0131285 0.00997887
0.527344 0.0123428 0.00227093  0.14398 0.0416725 0.0114096 0.00950364
0.546875 0.01245 0.0154054  0.137443 0.0334971 0.00959161 0.00902112
0.566406 0.0125586 0.035935  0.12495 0.0242843 0.00771557 0.00853876
0.585938 0.0126685 0.0279874  0.106725 0.01429 0.00582672 0.00806429
0.605469 0.0127799 0.0224334  0.0832856 0.00380918 0.00397315 0.00760558
0.625 0.0128928 -0.0277757  0.055431 -0.00683342 0.00220441 0.00717043
0.644531 0.0130072 0.030735  0.0242072 -0.0172936 0.000569957 0.00676642
0.664062 0.0131231 0.0221766  -0.00913516 -0.0272198 -0.00088248 0.00640075
0.683594 0.0132406 0.00194778  -0.0431983 -0.036266 -0.00210857 0.00607997
0.703125 0.0133596 -0.00273747  -0.0765017 -0.0441045 -0.003069 0.0058099
0.722656 0.0134802 0.0172178  -0.107553 -0.0504391 -0.003731 0.00559539
0.742188 0.0136025 -0.0364547  -0.134921 -0.0550171 -0.0040697 0.00544025
0.761719 0.0137264 -0.0102082  -0.157306 -0.0576401 -0.00406924 0.00534705
0.78125 0.0138521 -0.00658147  -0.173602 -0.058173 -0.00372365 0.00531712
0.800781 0.0139794 -0.0126717  -0.182957 -0.0565509 -0.00303729 0.00535043
0.820312 0.0141085 0.0183925  -0.184815 -0.0527831 -0.00202511 0.00544566
0.839844 0.0142394 0.00811839  -0.178943 -0.0469547 -0.000712327 0.00560016
0.859375 0.0143721 0.00121779  -0.16545 -0.0392246 0.000866085 0.00581005
0.878906 0.0145067 0.0188103  -0.144782 -0.0298218 0.0026664 0.00607036
0.898438 0.0146432 0.0237935  -0.117702 -0.0190373 0.00463744 0.00637513
0.917969 0.0147815 0.0359528  -0.0852608 -0.00721507 0.00672212 0.00671763
0.9375 0.0149219 -0.00982384  -0.0487443 0.00526032 0.00885937 0.00709054
0.957031 0.0150642 0.00968429  -0.00961985 0.0179771 0.0109861 0.00748616
0.976562 0.0152086 -0.0313708  0.0305321 0.0305112 0.0130392 0.00789669
0.996094 0.0153551 -0.0121392  0.0700883 0.0424414 0.0149579 0.00831441
1.01562 0.0155036 0.0454102  0.107455 0.0533647 0.0166858 0.00873195
1.03516 0.0156544 0.0347386  0.141137 0.0629109 0.0181727 0.00914247
1.05469 0.0158073 0.00946639  0.169803 0.0707563 0.0193764 0.0095399
1.07422 0.0159624 0.0158218  0.19234 0.0766349 0.0202642 0.00991905
1.09375 0.0161199 0.0265825  0.207901 0.0803484 0.0208143 0.0102758
1.11328 0.0162797 0.0280114  0.215932 0.081773 0.0210161 0.0106071
1.13281 0.0164418 0.0155664  0.216194 0.0808634 0.020871 0.0109111
1.15234 0.0166064 0.0232129  0.208767 0.0776547 0.0203922 0.0111873
1.17188 0.0167734 0.0426405  0.194035 0.0722601 0.0196042 0.0114361
1.19141 0.016943 -0.00534294  0.172669 0.0648671 0.0185423 0.0116591
1.21094 0.0171151 0.00847438  0.145586 0.0557301 0.017251 0.0118589
1.23047 0.0172898 0.0173851  0.11391 0.0451616 0.0157829 0.0120389
1.25 0.0174672 0.0128976  0.0789148 0.0335205 0.0141966 0.0122032
1.26953 0.0176474 -0.000621686  0.0419726 0.0211997 0.012555 0.0123563
1.28906 0.0178303 -0.0174383  0.00449349 0.00861261 0.0109229 0.012503
1.30859 0.0180161 0.0348367  -0.0321308 -0.00382116 0.00936522 0.0126482
1.32812 0.0182048 0.0224194  -0.0665804 -0.0156897 0.00794447 0.0127965
1.34766 0.0183964 0.00771459  -0.0976558 -0.0266025 0.006719 0.0129524
1.36719 0.0185911 -0.000292695  -0.124318 -0.0362026 0.00574088 0.0131196
1.38672 0.0187888 -0.0275799  -0.145723 -0.0441783 0.00505428 0.0133013
1.40625 0.0189897 0.0167573  -0.161241 -0.0502724 0.00469401 0.0134998
1.42578 0.0191938 0.00890865  -0.170475 -0.0542896 0.00468438 0.0137165
1.44531 0.0194012 0.0108658  -0.173258 -0.0561019 0.00503841 0.0139518
1.46484 0.019612 0.0335968  -0.169654 -0.0556521 0.00575736 0.0142051
1.48438 0.0198261 0.0592117  -0.159941 -0.0529541 0.00683068 0.0144748
1.50391 0.0200438 -0.0063129  -0.144592 -0.0480918 0.00823626 0.0147582
1.52344 0.0202651 -0.0102177  -0.124249 -0.0412156 0.00994113 0.0150521
1.54297 0.02049 0.043612  -0.0996939 -0.032537 0.0119023 0.0153521
1.5625 0.0207187 0.0264413  -0.0718131 -0.0223211 0.0140683 0.0156534
1.58203 0.0209512 0.0166083  -0.041568 -0.0108785 0.0163802 0.0159507
1.60156 0.0211876 -0.005221  -0.00995869 0.00144525 0.018774 0.0162384
1.62109 0.0214279 0.0304423  0.0220071 0.0142795 0.0211818 0.016511
1.64062 0.0216724 0.0131429  0.0533447 0.0272403 0.0235344 0.0167628
1.66016 0.0219211 0.0112051  0.0831197 0.0399416 0.025763 0.0169887
1.67969 0.022174 0.009713  0.110472 0.0520067 0.0278015 0.0171842
1.69922 0.0224313 0.0308015  0.134635 0.0630789 0.029588 0.0173452
1.71875 0.022693 0.00697381  0.154956 0.072832 0.0310673 0.0174689
1.73828 0.0229594 0.0199368  0.170903 0.0809797 0.0321921 0.0175532
1.75781 0.0232304 0.045805  0.182083 0.0872831 0.0329245 0.0175975
1.77734 0.0235062 0.0231917  0.188238 0.0915582 0.0332377 0.0176023
1.79688 0.0237868 0.00542202  0.189255 0.0936803 0.0331161 0.0175693
1.81641 0.0240726 0.0326346  0.185166 0.0935878 0.0325568 0.0175019
1.83594 0.0243634 0.0113286  0.176138 0.0912842 0.0315693 0.0174047
1.85547 0.0246595 0.0213505  0.162478 0.0868372 0.0301756 0.0172834
1.875 0.024961 0.0243456  0.144612 0.0803775 0.0284099 0.0171451
1.89453 0.025268 0.0270283  0.123087 0.0720945 0.0263174 0.0169979
1.91406 0.0255807 0.036763  0.0985457 0.0622314 0.023954 0.0168509
1.93359 0.0258991 0.0252534  0.0717183 0.0510776 0.0213843 0.0167138
1.95312 0.0262235 -0.00147567  0.0434002 0.0389611 0.0186801 0.0165967
1.97266 0.0265539 0.032835  0.0144326 0.0262384 0.0159186 0.0165102
1.99219 0.0268906 0.0289856  -0.0143205 0.0132848 0.0131804 0.0164646
2.01172 0.0272336 0.0201752  -0.0419957 0.000482789 0.0105475 0.0164702
2.03125 0.0275832 0.0256374  -0.0677556 -0.0117887 0.00810056 0.0165365
2.05078 0.0279395 0.0242597  -0.0908135 -0.0231655 0.00591736 0.0166724
2.07031 0.0283027 0.0114114  -0.110458 -0.0333091 0.00407019 0.0168856
2.08984 0.028673 0.00467314  -0.126076 -0.0419165 0.00262402 0.0171827
2.10938 0.0290505 0.0262217  -0.137173 -0.0487292 0.00163464 0.0175686
2.12891 0.0294354 0.0430159  -0.143392 -0.0535408 0.00114705 0.0180467
2.14844 0.0298279 0.0164855  -0.144527 -0.0562034 0.00119412 0.0186185
2.16797 0.0302283 0.00325027  -0.14053 -0.0566313 0.00179564 0.0192839
2.1875 0.0306367 0.0106802  -0.131518 -0.0548038 0.00295767 0.0200406
2.20703 0.0310533 0.0138002  -0.117767 -0.0507654 0.00467228 0.0208846
2.22656 0.0314784 0.0245569  -0.0997084 -0.0446238 0.00691764 0.02181
2.24609 0.0319122 0.0253099  -0.0779118 -0.036547 0.00965857 0.022809
2.26562 0.0323549 0.0481681  -0.0530691 -0.0267569 0.0128474 0.0238725
2.28516 0.0328068 -0.0163246  -0.025969 -0.0155229 0.0164251 0.0249898
2.30469 0.0332681 0.00311977  0.00252935 -0.00315295 0.0203229 0.0261491
2.32422 0.0337391 0.0816082  0.0315268 0.010016 0.024464 0.0273376
2.34375 0.03422 0.020227  0.0601159 0.0236286 0.0287656 0.028542
2.36328 0.0347112 0.0656795  0.0874133 0.0373216 0.0331411 0.0297486
2.38281 0.0352129 0.0327327  0.11259 0.0507352 0.037502 0.0309436
2.40234 0.0357254 0.0255596  0.1349 0.0635235 0.0417606 0.0321136
2.42188 0.0362491 0.0218547  0.153708 0.0753645 0.045832 0.0332459
2.44141 0.0367842 0.0236505  0.168504 0.085969 0.049636 0.0343284
2.46094 0.037331 0.0227651  0.178927 0.0950889 0.0530996 0.0353504
2.48047 0.0378901 0.115894  0.184765 0.102523 0.0561582 0.0363026
2.5 0.0384615 0.0405505  0.185969 0.108121 0.0587574 0.0371773
2.51953 0.0390459 0.0100088  0.18264 0.111789 0.0608542 0.0379685
2.53906 0.0396434 0.0601891  0.175028 0.113487 0.062418 0.0386724
2.55859 0.0402546 0.0453826  0.163514 0.113233 0.063431 0.0392869
2.57812 0.0408799 0.0909965  0.148598 0.111097 0.0638884 0.0398123
2.59766 0.0415196 0.0391524  0.130868 0.107197 0.0637987 0.0402507
2.61719 0.0421742 0.0372891  0.110987 0.101698 0.0631829 0.0406064
2.63672 0.0428442 -0.00827246  0.0896596 0.0948034 0.0620743 0.0408856
2.65625 0.04353 0.0616371  0.0676106 0.0867464 0.0605168 0.0410963
2.67578 0.0442322 0.0592598  0.0455599 0.0777852 0.0585644 0.0412482
2.69531 0.0449512 0.0476209  0.0241993 0.0681939 0.0562796 0.0413523
2.71484 0.0456876 0.0178858  0.0041717 0.0582541 0.0537317 0.041421
2.73438 0.046442 0.0302418  -0.0139462 0.0482474 0.0509951 0.0414675
2.75391 0.0472149 0.0517292  -0.0296582 0.0384479 0.0481478 0.0415059
2.77344 0.0480069 0.0781822  -0.0425599 0.0291147 0.0452691 0.0415506
2.79297 0.0488187 -0.00463697  -0.0523455 0.0204862 0.0424387 0.0416161
2.8125 0.0496509 0.0883505  -0.058812 0.0127742 0.0397338 0.0417171
2.83203 0.0505041 0.0707265  -0.0618602 0.00615987 0.0372285 0.0418675
2.85156 0.0513792 0.0385004  -0.0614928 0.000789807 0.0349917 0.042081
2.87109 0.0522767 0.0592388  -0.0578097 -0.00322598 0.0330856 0.04237
2.89062 0.0531976 0.0478714  -0.051002 -0.00581552 0.0315652 0.0427461
2.91016 0.0541425 0.0423592  -0.0413439 -0.00694516 0.0304765 0.0432194
2.92969 0.0551123 0.0512972  -0.0291827 -0.0066188 0.0298561 0.0437988
2.94922 0.0561079 0.0562107  -0.0149286 -0.0048762 0.0297306 0.0444914
2.96875 0.0571301 0.0713955  0.000957383 -0.00179043 0.0301164 0.0453028
2.98828 0.05818 0.0483611  0.0179757 0.00253544 0.0310193 0.0462365
3.00781 0.0592584 0.0746089  0.0356019 0.00797236 0.0324349 0.0472947
3.02734 0.0603665 0.038406  0.0533002 0.0143698 0.0343489 0.0484774
3.04688 0.0615052 0.0357728  0.0705383 0.0215608 0.0367376 0.0497832
3.06641 0.0626757 0.0581506  0.0868024 0.0293669 0.039569 0.0512089
3.08594 0.0638792 0.0729128  0.101612 0.037604 0.0428031 0.0527496
3.10547 0.0651169 0.0532042  0.114534 0.0460872 0.0463936 0.0543993
3.125 0.06639 0.0612344  0.125201 0.054636 0.0502891 0.0561505
3.14453 0.0677 0.0753972  0.133318 0.0630796 0.0544338 0.0579947
3.16406 0.0690481 0.0595384  0.138682 0.0712608 0.0587695 0.0599225
3.18359 0.0704358 0.0714462  0.141186 0.0790402 0.0632367 0.0619239
3.20312 0.0718647 0.0616186  0.140829 0.0862988 0.0677758 0.0639884
3.22266 0.0733363 0.0852118  0.137718 0.092941 0.0723287 0.0661052
3.24219 0.0748524 0.103315  0.132072 0.0988957 0.0768399 0.0682636
3.26172 0.0764147 0.114714  0.124211 0.104117 0.0812573 0.070453
3.28125 0.078025 0.0483365  0.114556 0.108584 0.0855338 0.0726633
3.30078 0.0796852 0.111231  0.103606 0.1123 0.0896276 0.0748849
3.32031 0.0813974 0.115706  0.09193 0.115289 0.0935032 0.0771091
3.33984 0.0831637 0.0893561  0.0801382 0.117595 0.0971315 0.0793281
3.35938 0.0849863 0.0895572  0.068862 0.119279 0.100491 0.0815353
3.37891 0.0868675 0.0888903  0.0587257 0.120413 0.103566 0.083725
3.39844 0.0888099 0.112731  0.0503188 0.121078 0.10635 0.0858933
3.41797 0.0908159 0.118085  0.0441684 0.121361 0.108842 0.0880372
3.4375 0.0928882 0.0905511  0.040713 0.121346 0.111048 0.0901554
3.45703 0.0950298 0.0805603  0.0402787 0.121118 0.11298 0.0922483
3.47656 0.0972437 0.103501  0.0430605 0.120755 0.114658 0.0943175
3.49609 0.0995328 0.126488  0.0491079 0.120324 0.116104 0.0963663
3.51562 0.101901 0.116641  0.0583176 0.119886 0.117346 0.0983995
3.53516 0.104351 0.0974932  0.0704326 0.119486 0.118418 0.100423
3.55469 0.106887 0.110078  0.0850487 0.11916 0.119355 0.102446
3.57422 0.109512 0.121497  0.101629 0.118933 0.120195 0.104476
3.59375 0.112231 0.116871  0.119524 0.11882 0.120978 0.106524
3.61328 0.115049 0.158034  0.138001 0.118826 0.121747 0.108602
3.63281 0.117969 0.150911  0.156275 0.118954 0.122543 0.110724
3.65234 0.120996 0.132621  0.173542 0.119202 0.123411 0.112904
3.67188 0.124136 0.144681  0.189026 0.11957 0.124393 0.115156
3.69141 0.127394 0.188065  0.202008 0.12006 0.125531 0.117498
3.71094 0.130775 0.113351  0.211871 0.120684 0.126865 0.119947
3.73047 0.134285 0.154147  0.21813 0.121458 0.128436 0.122521
3.75 0.137931 0.137394  0.220462 0.122413 0.13028 0.125238
3.76953 0.141719 0.181153  0.218728 0.12359 0.132433 0.128119
3.78906 0.145656 0.15183  0.212988 0.125042 0.134927 0.131183
3.80859 0.14975 0.211373  0.203505 0.126834 0.137791 0.13445
3.82812 0.154008 0.174954  0.19074 0.129044 0.141052 0.137941
3.84766 0.158439 0.169427  0.175342 0.131753 0.144732 0.141677
3.86719 0.163051 0.172299  0.15812 0.135051 0.14885 0.145677
3.88672 0.167853 0.212808  0.140013 0.139029 0.153422 0.149963
3.90625 0.172856 0.170695  0.122053 0.143773 0.158457 0.154555
3.92578 0.17807 0.221978  0.105319 0.149363 0.163964 0.159473
3.94531 0.183504 0.172199  0.0908867 0.155866 0.169946 0.164734
3.96484 0.189172 0.233037  0.0797819 0.163335 0.176401 0.17036
3.98438 0.195085 0.243332  0.07293 0.171799 0.183326 0.176365
4.00391 0.201255 0.254286  0.0711095 0.181268 0.190711 0.182769
4.02344 0.207697 0.25053  0.074912 0.191722 0.198548 0.189586
4.04297 0.214425 0.267279  0.0847085 0.203116 0.206822 0.196832
4.0625 0.221453 0.275224  0.100625 0.215377 0.215518 0.204519
4.08203 0.228798 0.282091  0.122529 0.228405 0.224621 0.21266
4.10156 0.236476 0.244614  0.150027 0.242079 0.234113 0.221266
4.12109 0.244504 0.259223  0.182476 0.256254 0.24398 0.230346
4.14062 0.252902 0.299671  0.219003 0.270772 0.254207 0.239908
4.16016 0.261688 0.327523  0.258538 0.285466 0.26478 0.249957
4.17969 0.270882 0.330327  0.299862 0.300166 0.275692 0.260499
4.19922 0.280505 0.348462  0.341651 0.314707 0.286935 0.271535
4.21875 0.290579 0.323775  0.382541 0.328936 0.298508 0.283066
4.23828 0.301127 0.35819  0.421184 0.342718 0.310416 0.295091
4.25781 0.312171 0.363985  0.456315 0.355948 0.322665 0.307607
4.27734 0.323737 0.382781  0.486809 0.368552 0.335271 0.320606
4.29688 0.335848 0.430027  0.51174 0.380493 0.348251 0.334081
4.31641 0.348529 0.405531  0.530428 0.391778 0.36163 0.348022
4.33594 0.361805 0.448025  0.542474 0.402455 0.375435 0.362414
4.35547 0.375702 0.455492  0.547793 0.412619 0.389698 0.377241
4.375 0.390244 0.430355  0.546619 0.422404 0.404451 0.392484
4.39453 0.405454 0.462117  0.539508 0.431985 0.419729 0.408121
4.41406 0.421356 0.467413  0.527318 0.441568 0.435565 0.424124
4.43359 0.437969 0.487717  0.511176 0.451388 0.451989 0.440466
4.45312 0.455313 0.530889  0.492435 0.461693 0.46903 0.457112
4.47266 0.473403 0.49829  0.472615 0.472741 0.486707 0.474026
4.49219 0.492249 0.576266  0.453336 0.484785 0.505033 0.491167
4.51172 0.511856 0.555165  0.436248 0.498065 0.524011 0.50849
4.53125 0.532225 0.571258  0.422951 0.512791 0.54363 0.525948
4.55078 0.553345 0.580683  0.414923 0.529139 0.563871 0.543486
4.57031 0.5752 0.596184  0.413445 0.54724 0.584695 0.56105
4.58984 0.59776 0.5733  0.41954 0.567167 0.606052 0.578579
4.60938 0.620982 0.603628  0.433919 0.588934 0.627873 0.59601
4.62891 0.644811 0.673165  0.456939 0.612491 0.650075 0.613277
4.64844 0.669172 0.644271  0.48858 0.637719 0.672557 0.630311
4.66797 0.693973 0.690867  0.528437 0.664433 0.695205 0.647039
4.6875 0.719101 0.660657  0.575731 0.692386 0.717889 0.66339
4.70703 0.744423 0.67226  0.629336 0.721273 0.740467 0.679287
4.72656 0.76978 0.71381  0.68782 0.750738 0.762786 0.694657
4.74609 0.794992 0.699275  0.749507 0.780388 0.784685 0.709423
4.76562 0.819856 0.681582  0.812544 0.8098 0.805995 0.723511
4.78516 0.844144 0.740237  0.87498 0.838535 0.826545 0.736847
4.80469 0.867613 0.764537  0.934852 0.866154 0.846165 0.74936
4.82422 0.889999 0.784828  0.990265 0.892227 0.864683 0.760982
4.84375 0.911032 0.791838  1.03948 0.916349 0.881936 0.771646
4.86328 0.930433 0.79065  1.08097 0.938153 0.897768 0.781291
4.88281 0.947929 0.807444  1.11353 0.957317 0.912033 0.789863
4.90234 0.963255 0.768648  1.13627 0.973576 0.9246 0.797308
4.92188 0.976168 0.817278  1.1487 0.986728 0.93535 0.803582
4.94141 0.986453 0.814147  1.15071 0.996637 0.944185 0.808647
4.96094 0.993934 0.819689  1.14259 1.00324 0.951021 0.81247
4.98047 0.998476 0.814641  1.12503 1.00653 0.955799 0.815026
5 1 0.785753  1.09905 1.00658 0.958474 0.816298
5.01953 0.998476 0.808227  1.06596 1.00351 0.959026 0.816275
5.03906 0.993934 0.778789  1.0273 0.997506 0.957453 0.814955
5.05859 0.986453 0.798391  0.984801 0.988783 0.953773 0.812343
5.07812 0.976168 0.826465  0.940231 0.977595 0.94802 0.808451
5.09766 0.963255 0.793706  0.895375 0.964219 0.940251 0.803299
5.11719 0.947929 0.76107  0.851934 0.948939 0.930533 0.796914
5.13672 0.930433 0.797772  0.811448 0.932043 0.918952 0.789329
5.15625 0.911032 0.764665  0.775231 0.913809 0.905604 0.780583
5.17578 0.889999 0.73276  0.744317 0.894495 0.890597 0.770725
5.19531 0.867613 0.725273  0.719421 0.874334 0.87405 0.759803
5.21484 0.844144 0.784659  0.700907 0.853529 0.856088 0.747876
5.23438 0.819856 0.727848  0.688787 0.832248 0.836841 0.735005
5.25391 0.794992 0.768803  0.682726 0.810624 0.816446 0.721254
5.27344 0.76978 0.727779  0.682067 0.788752 0.795041 0.706693
5.29297 0.744423 0.700009  0.685868 0.766695 0.772768 0.691393
5.3125 0.719101 0.662155  0.69296 0.744489 0.749765 0.675428
5.33203 0.693973 0.661576  0.702005 0.722144 0.726175 0.658876
5.35156 0.669172 0.673206  0.711564 0.699652 0.702136 0.641811
5.37109 0.644811 0.664824  0.720174 0.676996 0.677785 0.624314
5.39062 0.620982 0.637509  0.726419 0.654156 0.653253 0.606461
5.41016 0.59776 0.631325  0.728997 0.631116 0.628672 0.588331
5.42969 0.5752 0.618998  0.72679 0.607871 0.604165 0.570001
5.44922 0.553345 0.571705  0.71891 0.584432 0.579852 0.551545
5.46875 0.532225 0.565306  0.704749 0.56083 0.555847 0.533039
5.48828 0.511856 0.527744  0.684002 0.537123 0.532256 0.514552
5.50781 0.492249 0.558528  0.656685 0.513392 0.50918 0.496153
5.52734 0.473403 0.514918  0.623132 0.489747 0.48671 0.477908
5.54688 0.455313 0.504567  0.583981 0.466318 0.464931 0.459878
5.56641 0.437969 0.529219  0.540144 0.44326 0.443916 0.44212
5.58594 0.421356 0.477373  0.492764 0.42074 0.423732 0.42469
5.60547 0.405454 0.44592  0.443164 0.398937 0.404431 0.407635
5.625 0.390244 0.42983  0.392788 0.378033 0.386059 0.390999
5.64453 0.375702 0.448673  0.343131 0.358207 0.368649 0.374823
5.66406 0.361805 0.463751  0.295678 0.339623 0.352221 0.359141
5.68359 0.348529 0.420179  0.251836 0.322429 0.336786 0.343981
5.70312 0.335848 0.37961  0.21287 0.306745 0.322342 0.329368
5.72266 0.323737 0.378246  0.17985 0.292661 0.308877 0.315321
5.74219 0.312171 0.366891  0.153604 0.280228 0.296368 0.301855
5.76172 0.301127 0.336283  0.134684 0.269456 0.28478 0.288978
5.78125 0.290579 0.308553  0.123345 0.260315 0.274072 0.276696
5.80078 0.280505 0.317924  0.119533 0.252731 0.264192 0.265008
5.82031 0.270882 0.292938  0.122893 0.246588 0.255082 0.253911
5.83984 0.261688 0.306025  0.132785 0.241734 0.246678 0.243397
5.85938 0.252902 0.322776  0.148315 0.237983 0.238912 0.233455
5.87891 0.244504 0.282066  0.168377 0.235122 0.231713 0.224071
5.89844 0.236476 0.27531  0.191698 0.232921 0.22501 0.215229
5.91797 0.228798 0.322669  0.216903 0.231135 0.218731 0.206908
5.9375 0.221453 0.258164  0.242565 0.229519 0.212808 0.199088
5.95703 0.214425 0.236474  0.267272 0.227835 0.207176 0.191747
5.97656 0.207697 0.268411  0.289685 0.225857 0.201774 0.184861
5.99609 0.201255 0.210112  0.308594 0.223386 0.196548 0.178406
6.01562 0.195085 0.231928  0.322963 0.220252 0.191453 0.172357
6.03516 0.189172 0.215364  0.331977 0.216319 0.186449 0.166691
6.05469 0.183504 0.218208  0.335067 0.211497 0.181507 0.161381
6.07422 0.17807 0.21631  0.33193 0.205735 0.176606 0.156405
6.09375 0.172856 0.195749  0.322537 0.199032 0.171733 0.15174
6.11328 0.167853 0.218516  0.307131 0.191428 0.166884 0.147362
6.13281 0.163051 0.170656  0.286208 0.18301 0.162064 0.14325
6.15234 0.158439 0.206321  0.260494 0.1739 0.157283 0.139384
6.17188 0.154008 0.165729  0.230905 0.164256 0.152557 0.135744
6.19141 0.14975 0.142332  0.198514 0.154265 0.14791 0.132313
6.21094 0.145656 0.174795  0.164495 0.144132 0.143366 0.129073
6.23047 0.141719 0.159803  0.130076 0.134075 0.138953 0.126007
6.25 0.137931 0.139204  0.0964903 0.124314 0.134699 0.123101
6.26953 0.134285 0.166103  0.064921 0.115067 0.130632 0.120341
6.28906 0.130775 0.159214  0.0364579 0.106537 0.126778 0.117712
6.30859 0.127394 0.136346  0.0120543 0.0989077 0.123159 0.115202
6.32812 0.124136 0.138946  -0.0075082 0.0923335 0.119794 0.1128
6.34766 0.120996 0.110554  -0.0216473 0.0869374 0.116694 0.110494
6.36719 0.117969 0.150304  -0.029999 0.0828044 0.113869 0.108272
6.38672 0.115049 0.0957228  -0.0324272 0.0799791 0.111318 0.106125
6.40625 0.112231 0.134575  -0.0290246 0.0784642 0.109035 0.104043
6.42578 0.109512 0.133666  -0.0201049 0.0782203 0.107008 0.102016
6.44531 0.106887 0.100938  -0.00618557 0.0791674 0.105219 0.100035
6.46484 0.104351 0.131865  0.0120352 0.0811881 0.103642 0.0980913
6.48438 0.101901 0.0810282  0.0337088 0.0841312 0.102247 0.096177
6.50391 0.0995328 0.107817  0.0578712 0.0878174 0.101 0.0942844
6.52344 0.0972437 0.127354  0.0834814 0.0920449 0.099863 0.0924063
6.54297 0.0950298 0.123869  0.109461 0.0965971 0.0987951 0.0905362
6.5625 0.0928882 0.130015  0.134738 0.101249 0.0977552 0.0886684
6.58203 0.0908159 0.088483  0.15828 0.105775 0.0967019 0.0867979
6.60156 0.0888099 0.119134  0.17914 0.109956 0.0955951 0.0849203
6.62109 0.0868675 0.0798924  0.196485 0.113588 0.0943972 0.0830324
6.64062 0.0849863 0.0770666  0.209625 0.116486 0.0930744 0.0811319
6.66016 0.0831637 0.0725681  0.218038 0.118491 0.0915975 0.0792173
6.67969 0.0813974 0.0986662  0.221386 0.119477 0.0899427 0.0772882
6.69922 0.0796852 0.066054  0.219528 0.119351 0.0880927 0.0753453
6.71875 0.078025 0.0757829  0.212516 0.118058 0.0860368 0.0733904
6.73828 0.0764147 0.091018  0.200601 0.115582 0.0837716 0.071426
6.75781 0.0748524 0.0972528  0.184212 0.111947 0.0813008 0.0694559
6.77734 0.0733363 0.0839918  0.163945 0.107213 0.0786353 0.0674846
6.79688 0.0718647 0.0660904  0.140538 0.101476 0.0757928 0.0655175
6.81641 0.0704358 0.0892568  0.114842 0.0948639 0.0727973 0.0635605
6.83594 0.0690481 0.067197  0.0877876 0.0875319 0.0696786 0.0616205
6.85547 0.0677 0.085575  0.0603515 0.0796569 0.066471 0.0597043
6.875 0.06639 0.0884272  0.0335181 0.0714316 0.0632129 0.0578196
6.89453 0.0651169 0.0623078  0.00824208 0.0630577 0.0599451 0.0559737
6.91406 0.0638792 0.0669395  -0.014588 0.0547399 0.0567101 0.0541743
6.93359 0.0626757 0.0751664  -0.0341843 0.0466784 0.0535506 0.0524288
6.95312 0.0615052 0.0524912  -0.0498898 0.0390629 0.0505085 0.0507441
6.97266 0.0603665 0.0202361  -0.0612043 0.0320666 0.0476236 0.049127
6.99219 0.0592584 0.0371626  -0.0678038 0.0258405 0.0449325 0.0475833
7.01172 0.05818 0.036339  -0.0695536 0.0205096 0.0424678 0.0461183
7.03125 0.0571301 0.0571134  -0.0665134 0.0161691 0.0402568 0.0447365
7.05078 0.0561079 0.0684955  -0.058935 0.0128819 0.0383215 0.0434414
7.07031 0.0551123 0.0548406  -0.0472518 0.0106777 0.0366772 0.0422353
7.08984 0.0541425 0.0750434  -0.0320612 0.0095533 0.035333 0.0411198
7.10938 0.0531976 0.0660841  -0.0140993 0.00947335 0.0342912 0.0400955
7.12891 0.0522767 0.0474081  0.00579021 0.0103731 0.0335476 0.0391615
7.14844 0.0513792 0.0322618  0.0266913 0.0121614 0.0330913 0.0383164
7.16797 0.0505041 0.0200354  0.0476555 0.0147255 0.0329059 0.0375577
7.1875 0.0496509 0.0482721  0.0677426 0.017935 0.0329692 0.0368818
7.20703 0.0488187 0.0420775  0.0860619 0.021648 0.0332547 0.0362847
7.22656 0.0480069 0.0183767  0.101811 0.025716 0.033732 0.0357615
7.24609 0.0472149 0.0532211  0.114313 0.0299894 0.0343678 0.0353067
7.26562 0.046442 0.045586  0.123042 0.0343231 0.0351268 0.0349144
7.28516 0.0456876 0.062399  0.127655 0.0385808 0.0359728 0.0345786
7.30469 0.0449512 0.062202  0.127999 0.0426393 0.0368696 0.0342928
7.32422 0.0442322 0.00514125  0.124122 0.0463917 0.0377818 0.0340506
7.34375 0.04353 0.0375699  0.116272 0.04975 0.0386756 0.0338457
7.36328 0.0428442 0.0677773  0.10488 0.0526463 0.0395199 0.0336718
7.38281 0.0421742 0.0400798  0.0905445 0.0550337 0.0402864 0.0335229
7.40234 0.0415196 0.0547896  0.0740027 0.0568852 0.0409506 0.0333935
7.42188 0.0408799 0.0552032  0.0560922 0.0581929 0.0414919 0.0332783
7.44141 0.0402546 0.0275184  0.0377133 0.0589657 0.0418938 0.0331726
7.46094 0.0396434 0.0468341  0.0197845 0.0592268 0.0421443 0.033072
7.48047 0.0390459 0.0485599  0.00319847 0.0590104 0.0422358 0.0329727
7.5 0.0384615 0.0330834  -0.0112223 0.0583588 0.0421648 0.0328717
7.51953 0.0378901 0.0324724  -0.0227655 0.0573186 0.041932 0.0327661
7.53906 0.037331 0.0090443  -0.030865 0.0559385 0.0415421 0.0326537
7.55859 0.0367842 0.0231062  -0.035129 0.0542655 0.041003 0.0325329
7.57812 0.0362491 0.0469812  -0.0353604 0.0523434 0.0403261 0.0324024
7.59766 0.0357254 0.0109301  -0.0315675 0.0502111 0.0395254 0.0322615
7.61719 0.0352129 0.0510186  -0.023965 0.0479016 0.0386173 0.0321096
7.63672 0.0347112 0.0430227  -0.012964 0.0454416 0.03762 0.0319467
7.65625 0.03422 0.0196858  0.00084688 0.0428523 0.0365537 0.0317731
7.67578 0.0337391 0.0357087  0.0167298 0.0401506 0.0354392 0.0315893
7.69531 0.0332681 0.0701567  0.0338336 0.0373502 0.0342984 0.031396
7.71484 0.0328068 0.0289075  0.0512357 0.0344645 0.0331535 0.031194
7.73438 0.0323549 -0.00318914  0.0679877 0.031508 0.0320265 0.0309845
7.75391 0.0319122 0.0714293  0.0831631 0.0284993 0.0309392 0.0307685
7.77344 0.0314784 0.0322901  0.0959038 0.0254626 0.0299128 0.0305471
7.79297 0.0310533 0.0174614  0.105465 0.0224302 0.028967 0.0303215
7.8125 0.0306367 0.031191  0.111251 0.0194431 0.0281205 0.0300928
7.83203 0.0302283 0.0586153  0.112854 0.0165524 0.0273897 0.029862
7.85156 0.0298279 0.0388927  0.110069 0.0138184 0.0267891 0.02963
7.87109 0.0294354 0.0125045  0.102911 0.0113105 0.0263307 0.0293976
7.89062 0.0290505 0.0401675  0.0916196 0.00910466 0.0260234 0.0291653
7.91016 0.028673 0.0483048  0.0766477 0.00728166 0.0258729 0.0289333
7.92969 0.0283027 0.0201013  0.0586437 0.00592328 0.0258815 0.0287018
7.94922 0.0279395 0.0155183  0.0384232 0.00510869 0.0260475 0.0284705
7.96875 0.0275832 0.0119243  0.0169318 0.00491022 0.0263653 0.028239
7.98828 0.0272336 0.0337013  -0.00479871 0.00538888 0.026825 0.0280065
8.00781 0.0268906 0.0119007  -0.0256994 0.00658998 0.0274129 0.0277719
8.02734 0.0265539 0.017928  -0.0447149 0.00853894 0.0281108 0.0275337
8.04688 0.0262235 0.0584764  -0.0608551 0.0112377 0.0288968 0.0272906
8.06641 0.0258991 0.0508212  -0.0732439 0.0146619 0.0297452 0.0270406
8.08594 0.0255807 0.0192447  -0.0811637 0.0187586 0.0306272 0.0267818
8.10547 0.025268 0.0586239  -0.0840924 0.023446 0.0315115 0.0265121
8.125 0.024961 0.00621293  -0.0817326 0.0286133 0.0323646 0.0262295
8.14453 0.0246595 0.00707183  -0.0740302 0.034123 0.0331522 0.025932
8.16406 0.0243634 0.0273227  -0.0611814 0.0398133 0.0338395 0.0256177
8.18359 0.0240726 0.0558825  -0.0436293 0.045503 0.0343927 0.025285
8.20312 0.0237868 0.0282629  -0.0220477 0.0509968 0.0347797 0.0249326
8.22266 0.0235062 -0.0153245  0.0026856 0.0560918 0.0349715 0.0245597
8.24219 0.0232304 0.0352109  0.0295247 0.0605846 0.0349427 0.024166
8.26172 0.0229594 0.020981  0.057301 0.0642796 0.0346731 0.0237518
8.28125 0.022693 0.0101723  0.0847739 0.0669961 0.0341484 0.0233179
8.30078 0.0224313 0.0485772  0.110686 0.0685769 0.0333607 0.0228661
8.32031 0.022174 0.0159544  0.13382 0.0688954 0.0323096 0.0223989
8.33984 0.0219211 0.0172942  0.153053 0.0678616 0.0310023 0.0219194
8.35938 0.0216724 0.0282789  0.167413 0.0654285 0.0294538 0.0214315
8.37891 0.0214279 0.0695065  0.176117 0.061595 0.0276873 0.0209399
8.39844 0.0211876 0.0306001  0.178619 0.0564093 0.0257331 0.0204499
8.41797 0.0209512 0.0359972  0.17463 0.0499688 0.0236291 0.0199674
8.4375 0.0207187 0.0238703  0.164139 0.042419 0.0214191 0.0194985
8.45703 0.02049 0.0179204  0.147419 0.0339506 0.0191523 0.0190499
8.47656 0.0202651 0.00692052  0.125015 0.0247943 0.0168817 0.0186282
8.49609 0.0200438 0.0286938  0.0977295 0.0152141 0.0146631 0.01824
8.51562 0.0198261 0.0367844  0.0665878 0.00549882 0.0125532 0.0178917
8.53516 0.019612 0.0249411  0.0327983 -0.00404672 0.010608 0.0175892
8.55469 0.0194012 0.00523743  -0.0022972 -0.0131126 0.00888134 0.0173379
8.57422 0.0191938 0.00814798  -0.0372797 -0.0213944 0.00742273 0.0171423
8.59375 0.0189897 0.0280637  -0.0707123 -0.0286044 0.00627618 0.0170058
8.61328 0.0187888 0.00689475  -0.101202 -0.034482 0.00547846 0.0169309
8.63281 0.0185911 0.0143849  -0.127457 -0.0388038 0.00505787 0.0169187
8.65234 0.0183964 0.00904827  -0.148348 -0.0413926 0.00503308 0.0169688
8.67188 0.0182048 0.0213201  -0.16295 -0.0421246 0.00541235 0.0170797
8.69141 0.0180161 -0.0200467  -0.17059 -0.0409352 0.00619297 0.0172481
8.71094 0.0178303 0.0260112  -0.170872 -0.0378225 0.00736107 0.0174693
8.73047 0.0176474 0.0121348  -0.163701 -0.0328487 0.00889177 0.0177375
8.75 0.0174672 0.0456982  -0.149286 -0.0261394 0.0107497 0.0180451
8.76953 0.0172898 0.0536164  -0.128134 -0.01788 0.0128896 0.0183837
8.78906 0.0171151 0.0334527  -0.101031 -0.00831091 0.0152578 0.0187438
8.80859 0.016943 -0.0222599  -0.0690115 0.00228048 0.0177934 0.0191149
8.82812 0.0167734 0.0451389  -0.0333157 0.0135686 0.02043 0.019486
8.84766 0.0166064 -0.00641851  0.00466009 0.0252004 0.0230974 0.019846
8.86719 0.0164418 -0.00304891  0.0434214 0.0368077 0.0257238 0.0201834
8.88672 0.0162797 0.000997975  0.0814372 0.0480188 0.0282378 0.0204869
8.90625 0.0161199 0.0403308  0.117203 0.058472 0.0305702 0.0207458
8.92578 0.0159624 0.0549342  0.149305 0.0678276 0.0326565 0.02095
8.94531 0.0158073 0.00885266  0.176477 0.0757799 0.0344381 0.0210905
8.96484 0.0156544 0.0294042  0.197652 0.0820677 0.0358645 0.0211593
8.98438 0.0155036 0.0281563  0.212011 0.0864837 0.0368948 0.0211498
9.00391 0.0153551 0.0331533  0.219014 0.0888814 0.0374983 0.0210571
9.02344 0.0152086 0.0148555  0.21842 0.0891803 0.037656 0.0208778
9.04297 0.0150642 0.0241705  0.210301 0.0873688 0.0373605 0.0206101
9.0625 0.0149219 0.0305084  0.195032 0.0835045 0.0366165 0.0202543
9.08203 0.0147815 0.00507757  0.173281 0.0777117 0.0354403 0.0198121
9.10156 0.0146432 0.0137859  0.145972 0.0701774 0.0338596 0.0192871
9.12109 0.0145067 0.0310228  0.114249 0.0611438 0.031912 0.0186844
9.14062 0.0143721 0.0183892  0.0794234 0.0509005 0.0296441 0.0180106
9.16016 0.0142394 0.0219184  0.0429173 0.0397732 0.0271098 0.0172735
9.17969 0.0141085 0.0339774  0.00620222 0.0281128 0.0243688 0.0164822
9.19922 0.0139794 0.0142403  -0.0292656 0.0162828 0.0214847 0.0156463
9.21875 0.0138521 0.035807  -0.0621076 0.00464631 0.018523 0.0147763
9.23828 0.0137264 0.00515709  -0.0910813 -0.00644598 0.015549 0.0138831
9.25781 0.0136025 0.00999355  -0.115133 -0.0166681 0.0126261 0.0129775
9.27734 0.0134802 -0.00978708  -0.133442 -0.0257295 0.00981431 0.0120704
9.29688 0.0133596 0.00436619  -0.145449 -0.0333845 0.00716789 0.0111724
9.31641 0.0132406 0.00967334  -0.15088 -0.0394397 0.00473461 0.0102934
9.33594 0.0131231 0.0248674  -0.149753 -0.0437596 0.00255436 0.00944268
9.35547 0.0130072 0.0443399  -0.142368 -0.0462699 0.000658386 0.00862879
9.375 0.0128928 -0.0608416  -0.129287 -0.0469585 -0.000931272 0.00785915
9.39453 0.0127799 -0.0333407  -0.111306 -0.0458738 -0.00220193 0.00714019
9.41406 0.0126685 0.0307798  -0.0894091 -0.0431215 -0.00315017 0.00647723
9.43359 0.0125586 0.00298768  -0.0647169 -0.038859 -0.00378139 0.00587446
9.45312 0.01245 0.0156149  -0.0384331 -0.0332882 -0.00410915 0.00533497
9.47266 0.0123428 0.0183519  -0.0117831 -0.0266464 -0.00415422 0.00486075
9.49219 0.0122371 0.00015008  0.0140442 -0.0191974 -0.00394348 0.00445283
9.51172 0.0121326 0.0245637  0.0379525 -0.0112207 -0.00350862 0.00411129
9.53125 0.0120295 -0.00960235  0.0589881 -0.0030015 -0.00288487 0.0038354
9.55078 0.0119277 0.0427154  0.076381 0.0051798 -0.00210955 0.00362372
9.57031 0.0118272 0.0204911  0.0895764 0.0130567 -0.00122071 0.00347421
9.58984 0.0117279 -0.00161236  0.0982531 0.0203854 -0.000255872 0.00338437
9.60938 0.0116299 0.0172135  0.102331 0.0269516 0.000749213 0.00335131
9.62891 0.0115331 0.00182145  0.101962 0.0325769 0.00176158 0.00337189
9.64844 0.0114375 0.0188486  0.0975158 0.0371219 0.00275193 0.00344279
9.66797 0.011343 -0.00878424  0.0895448 0.0404898 0.00369531 0.0035606
9.6875 0.0112498 -0.00389015  0.0787488 0.0426261 0.00457161 0.00372188
9.70703 0.0111577 0.0176453  0.065928 0.0435184 0.00536577 0.00392321
9.72656 0.0110667 0.0248126  0.0519327 0.0431941 0.00606791 0.00416122
9.74609 0.0109768 0.00282219  0.0376132 0.0417165 0.0066732 0.00443263
9.76562 0.0108879 0.0209202  0.0237695 0.0391812 0.00718153 0.00473424
9.78516 0.0108002 -0.0146421  0.0111074 0.0357102 0.00759714 0.00506294
9.80469 0.0107135 0.0205709  0.000200721 0.0314468 0.00792808 0.00541566
9.82422 0.0106279 0.00268036  -0.00853706 0.02655 0.00818554 0.00578943
9.84375 0.0105432 0.00863247  -0.0148699 0.0211888 0.00838321 0.00618129
9.86328 0.0104596 0.00244689  -0.0187451 0.0155369 0.0085366 0.00658831
9.88281 0.0103769 -0.000725133  -0.0202869 0.00976802 0.00866229 0.00700755
9.90234 0.0102953 -0.0123237  -0.0197792 0.00405152 0.00877728 0.00743604
9.92188 0.0102146 0.0025999  -0.017638 -0.00145103 0.00889834 0.00787079
9.94141 0.0101348 -0.00332801  -0.0143754 -0.00658896 0.00904142 0.00830876
9.96094 0.010056 0.0102795  -0.010558 -0.0112247 0.00922111 0.00874685
9.98047 0.00997802 0.0279296  -0.00676273 -0.0152359 0.00945019 0.00918192
