0.1 9.51351 9.51351
0.12 7.86325 7.86325
0.14 6.68869 6.68869
0.16 5.81127 5.81127
0.18 5.13182 5.13182
0.2 4.59084 4.59084
0.22 4.15048 4.15048
0.24 3.7855 3.7855
0.26 3.47845 3.47845
0.28 3.21685 3.21685
0.3 2.99157 2.99157
0.32 2.79575 2.79575
0.34 2.62416 2.62416
0.36 2.47273 2.47273
0.38 2.33826 2.33826
0.4 2.21816 2.21816
0.42 2.11037 2.11037
0.44 2.01319 2.01319
0.46 1.92523 1.92523
0.48 1.84531 1.84531
0.5 1.77245 1.77245
0.52 1.70584 1.70584
0.54 1.64477 1.64477
0.56 1.58864 1.58864
0.58 1.53693 1.53693
0.6 1.48919 1.48919
0.62 1.44504 1.44504
0.64 1.40413 1.40413
0.66 1.36616 1.36616
0.68 1.33088 1.33088
0.7 1.29806 1.29806
0.72 1.26747 1.26747
0.74 1.23895 1.23895
0.76 1.21234 1.21234
0.78 1.18747 1.18747
0.8 1.16423 1.16423
0.82 1.14249 1.14249
0.84 1.12216 1.12216
0.86 1.10312 1.10312
0.88 1.08531 1.08531
0.9 1.06863 1.06863
0.92 1.05302 1.05302
0.94 1.0384 1.0384
0.96 1.02473 1.02473
0.98 1.01195 1.01195
1 1 1
1.02 0.988844 0.988844
1.04 0.978438 0.978438
1.06 0.968744 0.968744
1.08 0.959725 0.959725
1.1 0.951351 0.951351
1.12 0.94359 0.94359
1.14 0.936416 0.936416
1.16 0.929803 0.929803
1.18 0.923728 0.923728
1.2 0.918169 0.918169
1.22 0.913106 0.913106
1.24 0.908521 0.908521
1.26 0.904397 0.904397
1.28 0.900718 0.900718
1.3 0.897471 0.897471
1.32 0.89464 0.89464
1.34 0.892216 0.892216
1.36 0.890185 0.890185
1.38 0.888537 0.888537
1.4 0.887264 0.887264
1.42 0.886356 0.886356
1.44 0.885805 0.885805
1.46 0.885604 0.885604
1.48 0.885747 0.885747
1.5 0.886227 0.886227
1.52 0.887039 0.887039
1.54 0.888178 0.888178
1.56 0.889639 0.889639
1.58 0.89142 0.89142
1.6 0.893515 0.893515
1.62 0.895924 0.895924
1.64 0.898642 0.898642
1.66 0.901668 0.901668
1.68 0.905001 0.905001
1.7 0.908639 0.908639
1.72 0.912581 0.912581
1.74 0.916826 0.916826
1.76 0.921375 0.921375
1.78 0.926227 0.926227
1.8 0.931384 0.931384
1.82 0.936845 0.936845
1.84 0.942612 0.942612
1.86 0.948687 0.948687
1.88 0.955071 0.955071
1.9 0.961766 0.961766
1.92 0.968774 0.968774
1.94 0.976099 0.976099
1.96 0.983743 0.983743
1.98 0.991708 0.991708
2 1 1
2.02 1.00862 1.00862
2.04 1.01758 1.01758
2.06 1.02687 1.02687
2.08 1.0365 1.0365
2.1 1.04649 1.04649
2.12 1.05682 1.05682
2.14 1.06751 1.06751
2.16 1.07857 1.07857
2.18 1.09 1.09
2.2 1.1018 1.1018
2.22 1.11399 1.11399
2.24 1.12657 1.12657
2.26 1.13954 1.13954
2.28 1.15292 1.15292
2.3 1.16671 1.16671
2.32 1.18093 1.18093
2.34 1.19557 1.19557
2.36 1.21065 1.21065
2.38 1.22618 1.22618
2.4 1.24217 1.24217
2.42 1.25863 1.25863
2.44 1.27556 1.27556
2.46 1.29298 1.29298
2.48 1.31091 1.31091
2.5 1.32934 1.32934
2.52 1.3483 1.3483
2.54 1.36779 1.36779
2.56 1.38784 1.38784
2.58 1.40844 1.40844
2.6 1.42962 1.42962
2.62 1.4514 1.4514
2.64 1.47377 1.47377
2.66 1.49677 1.49677
2.68 1.5204 1.5204
2.7 1.54469 1.54469
2.72 1.56964 1.56964
2.74 1.59528 1.59528
2.76 1.62162 1.62162
2.78 1.64868 1.64868
2.8 1.67649 1.67649
2.82 1.70506 1.70506
2.84 1.73441 1.73441
2.86 1.76456 1.76456
2.88 1.79553 1.79553
2.9 1.82736 1.82736
2.92 1.86005 1.86005
2.94 1.89363 1.89363
2.96 1.92814 1.92814
2.98 1.96358 1.96358
3 2 2
3.02 2.03741 2.03741
3.04 2.07585 2.07585
3.06 2.11535 2.11535
3.08 2.15593 2.15593
3.1 2.19762 2.19762
3.12 2.24046 2.24046
3.14 2.28448 2.28448
3.16 2.32971 2.32971
3.18 2.3762 2.3762
3.2 2.42397 2.42397
3.22 2.47306 2.47306
3.24 2.52351 2.52351
3.26 2.57536 2.57536
3.28 2.62866 2.62866
3.3 2.68344 2.68344
3.32 2.73975 2.73975
3.34 2.79763 2.79763
3.36 2.85714 2.85714
3.38 2.91831 2.91831
3.4 2.98121 2.98121
3.42 3.04587 3.04587
3.44 3.11236 3.11236
3.46 3.18074 3.18074
3.48 3.25105 3.25105
3.5 3.32335 3.32335
3.52 3.39771 3.39771
3.54 3.4742 3.4742
3.56 3.55286 3.55286
3.58 3.63378 3.63378
3.6 3.71702 3.71702
3.62 3.80266 3.80266
3.64 3.89076 3.89076
3.66 3.98141 3.98141
3.68 4.07468 4.07468
3.7 4.17065 4.17065
3.72 4.26942 4.26942
3.74 4.37106 4.37106
3.76 4.47567 4.47567
3.78 4.58334 4.58334
3.8 4.69417 4.69417
3.82 4.80826 4.80826
3.84 4.92572 4.92572
3.86 5.04664 5.04664
3.88 5.17114 5.17114
3.9 5.29933 5.29933
3.92 5.43134 5.43134
3.94 5.56728 5.56728
3.96 5.70728 5.70728
3.98 5.85148 5.85148
4 6 6
4.02 6.15299 6.15299
4.04 6.3106 6.3106
4.06 6.47297 6.47297
4.08 6.64025 6.64025
4.1 6.81262 6.81262
4.12 6.99024 6.99024
4.14 7.17327 7.17327
4.16 7.3619 7.3619
4.18 7.55631 7.55631
4.2 7.75669 7.75669
4.22 7.96324 7.96324
4.24 8.17617 8.17617
4.26 8.39568 8.39568
4.28 8.62199 8.62199
4.3 8.85534 8.85534
4.32 9.09596 9.09596
4.34 9.34409 9.34409
4.36 9.59998 9.59998
4.38 9.86389 9.86389
4.4 10.1361 10.1361
4.42 10.4169 10.4169
4.44 10.7065 10.7065
4.46 11.0053 11.0053
4.48 11.3136 11.3136
4.5 11.6317 11.6317
4.52 11.96 11.96
4.54 12.2987 12.2987
4.56 12.6482 12.6482
4.58 13.0089 13.0089
4.6 13.3813 13.3813
4.62 13.7656 13.7656
4.64 14.1624 14.1624
4.66 14.5719 14.5719
4.68 14.9948 14.9948
4.7 15.4314 15.4314
4.72 15.8822 15.8822
4.74 16.3478 16.3478
4.76 16.8285 16.8285
4.78 17.325 17.325
4.8 17.8379 17.8379
4.82 18.3676 18.3676
4.84 18.9147 18.9147
4.86 19.48 19.48
4.88 20.064 20.064
4.9 20.6674 20.6674
4.92 21.2908 21.2908
4.94 21.9351 21.9351
4.96 22.6008 22.6008
4.98 23.2889 23.2889
5 24 24
5.02 24.735 24.735
5.04 25.4948 25.4948
5.06 26.2802 26.2802
5.08 27.0922 27.0922
5.1 27.9318 27.9318
5.12 28.7998 28.7998
5.14 29.6973 29.6973
5.16 30.6255 30.6255
5.18 31.5854 31.5854
5.2 32.5781 32.5781
5.22 33.6049 33.6049
5.24 34.6669 34.6669
5.26 35.7656 35.7656
5.28 36.9021 36.9021
5.3 38.078 38.078
5.32 39.2945 39.2945
5.34 40.5533 40.5533
5.36 41.8559 41.8559
5.38 43.2038 43.2038
5.4 44.5988 44.5988
5.42 46.0426 46.0426
5.44 47.537 47.537
5.46 49.0839 49.0839
5.48 50.6851 50.6851
5.5 52.3428 52.3428
5.52 54.059 54.059
5.54 55.8359 55.8359
5.56 57.6758 57.6758
5.58 59.581 59.581
5.6 61.5539 61.5539
5.62 63.5972 63.5972
5.64 65.7134 65.7134
5.66 67.9053 67.9053
5.68 70.1757 70.1757
5.7 72.5276 72.5276
5.72 74.9641 74.9641
5.74 77.4884 77.4884
5.76 80.1038 80.1038
5.78 82.8137 82.8137
5.8 85.6217 85.6217
5.82 88.5317 88.5317
5.84 91.5474 91.5474
5.86 94.6729 94.6729
5.88 97.9124 97.9124
5.9 101.27 101.27
5.92 104.751 104.751
5.94 108.359 108.359
5.96 112.1 112.1
5.98 115.979 115.979
6 120 120
