0.1 2.25271 2.25271
0.12 2.0622 2.0622
0.14 1.90042 1.90042
0.16 1.7598 1.7598
0.18 1.63546 1.63546
0.2 1.52406 1.52406
0.22 1.42322 1.42322
0.24 1.33118 1.33118
0.26 1.24659 1.24659
0.28 1.1684 1.1684
0.3 1.0958 1.0958
0.32 1.0281 1.0281
0.34 0.964762 0.964762
0.36 0.905325 0.905325
0.38 0.849405 0.849405
0.4 0.796678 0.796678
0.42 0.746864 0.746864
0.44 0.699722 0.699722
0.46 0.655044 0.655044
0.48 0.612645 0.612645
0.5 0.572365 0.572365
0.52 0.53406 0.53406
0.54 0.497603 0.497603
0.56 0.462879 0.462879
0.58 0.429787 0.429787
0.6 0.398234 0.398234
0.62 0.368136 0.368136
0.64 0.339417 0.339417
0.66 0.312007 0.312007
0.68 0.285843 0.285843
0.7 0.260867 0.260867
0.72 0.237025 0.237025
0.74 0.214268 0.214268
0.76 0.192549 0.192549
0.78 0.171826 0.171826
0.8 0.15206 0.15206
0.82 0.133214 0.133214
0.84 0.115253 0.115253
0.86 0.0981466 0.0981466
0.88 0.0818636 0.0818636
0.9 0.0663762 0.0663762
0.92 0.051658 0.051658
0.94 0.037684 0.037684
0.96 0.0244309 0.0244309
0.98 0.0118765 0.0118765
1 -1.09351e-08 -2.56335e-16
1.02 -0.0112185 -0.0112185
1.04 -0.0217977 -0.0217977
1.06 -0.0317553 -0.0317553
1.08 -0.0411082 -0.0411082
1.1 -0.0498725 -0.0498724
1.12 -0.0580633 -0.0580633
1.14 -0.0656954 -0.0656954
1.16 -0.0727825 -0.0727825
1.18 -0.0793378 -0.0793378
1.2 -0.0853741 -0.0853741
1.22 -0.0909034 -0.0909034
1.24 -0.0959372 -0.0959372
1.26 -0.100487 -0.100487
1.28 -0.104563 -0.104563
1.3 -0.108175 -0.108175
1.32 -0.111333 -0.111333
1.34 -0.114048 -0.114048
1.36 -0.116327 -0.116326
1.38 -0.118179 -0.118179
1.4 -0.119613 -0.119613
1.42 -0.120637 -0.120637
1.44 -0.121258 -0.121258
1.46 -0.121485 -0.121485
1.48 -0.121324 -0.121324
1.5 -0.120782 -0.120782
1.52 -0.119867 -0.119867
1.54 -0.118583 -0.118583
1.56 -0.116939 -0.116939
1.58 -0.11494 -0.11494
1.6 -0.112592 -0.112592
1.62 -0.1099 -0.1099
1.64 -0.106871 -0.106871
1.66 -0.103508 -0.103508
1.68 -0.0998192 -0.0998192
1.7 -0.0958077 -0.0958077
1.72 -0.0914789 -0.0914789
1.74 -0.0868376 -0.0868375
1.76 -0.0818883 -0.0818883
1.78 -0.0766356 -0.0766356
1.8 -0.0710839 -0.0710839
1.82 -0.0652374 -0.0652373
1.84 -0.0591002 -0.0591001
1.86 -0.0526763 -0.0526763
1.88 -0.0459698 -0.0459697
1.9 -0.0389843 -0.0389843
1.92 -0.0317236 -0.0317236
1.94 -0.0241914 -0.0241914
1.96 -0.0163911 -0.0163911
1.98 -0.00832616 -0.00832616
2 -1.09351e-08 5.63262e-16
2.02 0.00858413 0.00858414
2.04 0.0174231 0.0174231
2.06 0.0265136 0.0265137
2.08 0.0358529 0.0358529
2.1 0.0454377 0.0454377
2.12 0.0552653 0.0552654
2.14 0.0653329 0.0653329
2.16 0.0756375 0.0756375
2.18 0.0861766 0.0861766
2.2 0.0969475 0.0969475
2.22 0.107947 0.107947
2.24 0.119174 0.119174
2.26 0.130625 0.130625
2.28 0.142298 0.142298
2.3 0.154189 0.154189
2.32 0.166298 0.166298
2.34 0.178622 0.178622
2.36 0.191158 0.191158
2.38 0.203905 0.203905
2.4 0.216859 0.216859
2.42 0.23002 0.23002
2.44 0.243385 0.243385
2.46 0.256951 0.256951
2.48 0.270718 0.270718
2.5 0.284683 0.284683
2.52 0.298844 0.298844
2.54 0.313199 0.313199
2.56 0.327747 0.327747
2.58 0.342485 0.342485
2.6 0.357412 0.357412
2.62 0.372526 0.372526
2.64 0.387826 0.387826
2.66 0.403309 0.403309
2.68 0.418975 0.418975
2.7 0.434821 0.434821
2.72 0.450845 0.450845
2.74 0.467048 0.467048
2.76 0.483426 0.483426
2.78 0.499978 0.499978
2.8 0.516703 0.516703
2.82 0.533599 0.533599
2.84 0.550665 0.550665
2.86 0.5679 0.5679
2.88 0.585302 0.585302
2.9 0.60287 0.60287
2.92 0.620602 0.620602
2.94 0.638497 0.638497
2.96 0.656553 0.656553
2.98 0.674771 0.674771
3 0.693147 0.693147
3.02 0.711682 0.711682
3.04 0.730373 0.730373
3.06 0.74922 0.74922
3.08 0.768221 0.768221
3.1 0.787375 0.787375
3.12 0.806681 0.806681
3.14 0.826139 0.826139
3.16 0.845746 0.845746
3.18 0.865501 0.865501
3.2 0.885405 0.885405
3.22 0.905455 0.905455
3.24 0.92565 0.92565
3.26 0.94599 0.94599
3.28 0.966473 0.966473
3.3 0.987099 0.987099
3.32 1.00787 1.00787
3.34 1.02877 1.02877
3.36 1.04982 1.04982
3.38 1.07101 1.07101
3.4 1.09233 1.09233
3.42 1.11379 1.11379
3.44 1.13538 1.13538
3.46 1.15711 1.15711
3.48 1.17898 1.17898
3.5 1.20097 1.20097
3.52 1.2231 1.2231
3.54 1.24536 1.24536
3.56 1.26775 1.26775
3.58 1.29027 1.29027
3.6 1.31292 1.31292
3.62 1.3357 1.3357
3.64 1.3586 1.3586
3.66 1.38164 1.38164
3.68 1.40479 1.40479
3.7 1.42807 1.42807
3.72 1.45148 1.45148
3.74 1.47501 1.47501
3.76 1.49866 1.49866
3.78 1.52243 1.52243
3.8 1.54632 1.54632
3.82 1.57034 1.57034
3.84 1.59447 1.59447
3.86 1.61872 1.61872
3.88 1.64309 1.64309
3.9 1.66758 1.66758
3.92 1.69219 1.69219
3.94 1.71691 1.71691
3.96 1.74174 1.74174
3.98 1.76669 1.76669
4 1.79176 1.79176
4.02 1.81694 1.81694
4.04 1.84223 1.84223
4.06 1.86763 1.86763
4.08 1.89315 1.89315
4.1 1.91878 1.91878
4.12 1.94451 1.94451
4.14 1.97036 1.97036
4.16 1.99632 1.99632
4.18 2.02238 2.02238
4.2 2.04856 2.04856
4.22 2.07484 2.07484
4.24 2.10122 2.10122
4.26 2.12772 2.12772
4.28 2.15432 2.15432
4.3 2.18102 2.18102
4.32 2.20783 2.20783
4.34 2.23474 2.23474
4.36 2.26176 2.26176
4.38 2.28888 2.28888
4.4 2.3161 2.3161
4.42 2.34343 2.34343
4.44 2.37085 2.37085
4.46 2.39838 2.39838
4.48 2.42601 2.42601
4.5 2.45374 2.45374
4.52 2.48156 2.48156
4.54 2.50949 2.50949
4.56 2.53751 2.53751
4.58 2.56564 2.56564
4.6 2.59386 2.59386
4.62 2.62217 2.62217
4.64 2.65059 2.65059
4.66 2.6791 2.6791
4.68 2.7077 2.7077
4.7 2.73641 2.73641
4.72 2.7652 2.7652
4.74 2.79409 2.79409
4.76 2.82308 2.82308
4.78 2.85215 2.85215
4.8 2.88132 2.88132
4.82 2.91059 2.91059
4.84 2.93994 2.93994
4.86 2.96939 2.96939
4.88 2.99893 2.99893
4.9 3.02856 3.02856
4.92 3.05828 3.05828
4.94 3.08809 3.08809
4.96 3.11799 3.11799
4.98 3.14798 3.14798
5 3.17805 3.17805
5.02 3.20822 3.20822
5.04 3.23848 3.23848
5.06 3.26882 3.26882
5.08 3.29925 3.29925
5.1 3.32976 3.32976
5.12 3.36037 3.36037
5.14 3.39106 3.39106
5.16 3.42183 3.42183
5.18 3.45269 3.45269
5.2 3.48364 3.48364
5.22 3.51467 3.51467
5.24 3.54579 3.54579
5.26 3.57699 3.57699
5.28 3.60827 3.60827
5.3 3.63964 3.63964
5.32 3.67109 3.67109
5.34 3.70262 3.70262
5.36 3.73423 3.73423
5.38 3.76593 3.76593
5.4 3.79771 3.79771
5.42 3.82957 3.82957
5.44 3.86151 3.86151
5.46 3.89353 3.89353
5.48 3.92563 3.92563
5.5 3.95781 3.95781
5.52 3.99008 3.99008
5.54 4.02242 4.02242
5.56 4.05484 4.05484
5.58 4.08734 4.08734
5.6 4.11991 4.11991
5.62 4.15257 4.15257
5.64 4.1853 4.1853
5.66 4.21811 4.21811
5.68 4.251 4.251
5.7 4.28397 4.28397
5.72 4.31701 4.31701
5.74 4.35013 4.35013
5.76 4.38332 4.38332
5.78 4.41659 4.41659
5.8 4.44994 4.44994
5.82 4.48336 4.48336
5.84 4.51686 4.51686
5.86 4.55043 4.55043
5.88 4.58407 4.58407
5.9 4.61779 4.61779
5.92 4.65159 4.65159
5.94 4.68545 4.68545
5.96 4.71939 4.71939
5.98 4.75341 4.75341
6 4.78749 4.78749
