0.1 0.180548 -0.0639444 0.0348182 0.180967 0.063899 0.0347739
0.2 0.326787 0.11526 0.0627115 0.327492 0.115167 0.0626267
0.3 0.443607 0.155337 0.0844033 0.444491 0.155196 0.0842818
0.4 0.535279 0.185447 0.100562 0.536256 0.185258 0.100408
0.5 0.605526 0.206747 0.111804 0.606531 0.206511 0.11162
0.6 0.657592 0.220294 0.118698 0.658574 0.220012 0.118489
0.7 0.694298 0.227049 0.121768 0.695219 0.226722 0.121536
0.8 0.718093 0.227884 0.121494 0.718926 0.227514 0.121242
0.9 0.731098 0.22359 0.118317 0.731825 0.223181 0.118048
1 0.73515 0.214887 0.112642 0.735759 0.214441 0.11236
1.1 0.731831 0.202423 0.10484 0.732316 0.201943 0.104547
1.2 0.722507 0.186785 0.0952482 0.722866 0.186273 0.0949463
1.3 0.708348 0.1685 0.0841745 0.708583 0.16796 0.0838666
1.4 0.690358 0.148043 0.0718994 0.690471 0.147478 0.0715876
1.5 0.669391 0.125842 0.0586769 0.66939 0.125255 0.0583634
1.6 0.646177 0.102277 0.0447374 0.646069 0.101672 0.0444241
1.7 0.621331 0.077689 0.0302882 0.621124 0.0770681 0.0299771
1.8 0.595373 0.0523812 0.0155164 0.595076 0.0517479 0.0152091
1.9 0.568739 0.0266224 0.000589459 0.568361 0.0259794 0.000287551
2 0.541791 0.000649784 -0.0143431 0.541341 0 -0.0146381
2.1 0.51483 -0.0253277 -0.0291481 0.514317 -0.0259816 -0.0294349
2.2 0.488101 -0.0511272 -0.0437079 0.487534 -0.0517826 -0.0439853
2.3 0.461804 -0.0765897 -0.0579189 0.461191 -0.0772441 -0.0581857
2.4 0.436097 -0.101577 -0.0716906 0.435446 -0.102229 -0.0719459
2.5 0.411107 -0.125973 -0.0849445 0.410425 -0.126618 -0.0851873
2.6 0.386929 -0.149675 -0.0976132 0.386223 -0.150313 -0.0978428
2.7 0.363634 -0.172599 -0.10964 0.36291 -0.173228 -0.109855
2.8 0.341272 -0.194677 -0.120975 0.340536 -0.195295 -0.121176
2.9 0.319877 -0.21585 -0.131582 0.319135 -0.216455 -0.131768
3 0.299467 -0.236074 -0.141426 0.298722 -0.236665 -0.141597
3.1 0.280048 -0.255314 -0.150486 0.279305 -0.25589 -0.15064
3.2 0.261615 -0.273545 -0.158741 0.260878 -0.274104 -0.158879
3.3 0.244157 -0.290749 -0.166181 0.243429 -0.291291 -0.166303
3.4 0.227655 -0.306918 -0.172798 0.226938 -0.307441 -0.172903
3.5 0.212085 -0.322048 -0.17859 0.211382 -0.322551 -0.178679
3.6 0.197418 -0.336142 -0.183561 0.196731 -0.336626 -0.183633
3.7 0.183623 -0.349209 -0.187715 0.182954 -0.349672 -0.187771
3.8 0.170668 -0.361261 -0.191064 0.170018 -0.361703 -0.191102
3.9 0.158517 -0.372314 -0.193619 0.157887 -0.372734 -0.193641
4 0.147134 -0.382387 -0.195396 0.146525 -0.382786 -0.195402
4.1 0.136484 -0.391505 -0.196413 0.135896 -0.391881 -0.196403
4.2 0.126529 -0.39969 -0.19669 0.125963 -0.400045 -0.196664
4.3 0.117233 -0.406971 -0.196249 0.11669 -0.407304 -0.196208
4.4 0.108562 -0.413376 -0.195114 0.108041 -0.413686 -0.195057
4.5 0.10048 -0.418935 -0.193308 0.099981 -0.419223 -0.193236
4.6 0.0929539 -0.423678 -0.190858 0.0924769 -0.423944 -0.190772
4.7 0.0859509 -0.427638 -0.18779 0.0854956 -0.427883 -0.18769
4.8 0.0794394 -0.430846 -0.184131 0.0790056 -0.43107 -0.184017
4.9 0.0733895 -0.433336 -0.17991 0.0729765 -0.433538 -0.179783
5 0.067772 -0.43514 -0.175154 0.0673795 -0.435321 -0.175014
5.1 0.0625595 -0.43629 -0.169893 0.0621868 -0.436451 -0.16974
5.2 0.0577256 -0.43682 -0.164153 0.0573723 -0.436961 -0.163989
5.3 0.0532456 -0.436761 -0.157965 0.0529109 -0.436882 -0.157789
5.4 0.0490958 -0.436144 -0.151356 0.0487791 -0.436247 -0.15117
5.5 0.0452539 -0.435003 -0.144355 0.0449545 -0.435087 -0.144158
5.6 0.0416988 -0.433366 -0.136989 0.0414161 -0.433432 -0.136782
5.7 0.0384108 -0.431264 -0.129286 0.038144 -0.431313 -0.12907
5.8 0.0353711 -0.428726 -0.121273 0.0351196 -0.428758 -0.121048
5.9 0.0325623 -0.425781 -0.112976 0.0323254 -0.425797 -0.112743
6 0.029968 -0.422457 -0.104422 0.029745 -0.422457 -0.104181
6.1 0.0275727 -0.41878 -0.0956362 0.027363 -0.418765 -0.0953878
6.2 0.025362 -0.414776 -0.0866428 0.0251649 -0.414747 -0.0863876
6.3 0.0233225 -0.410471 -0.0774661 0.0231374 -0.410427 -0.0772047
6.4 0.0214416 -0.405888 -0.0681296 0.0212679 -0.405831 -0.0678624
6.5 0.0197076 -0.40105 -0.0586558 0.0195447 -0.400981 -0.0583834
6.6 0.0181095 -0.395981 -0.0490668 0.0179569 -0.3959 -0.0487895
6.7 0.0166372 -0.390701 -0.0393835 0.0164942 -0.390608 -0.0391019
6.8 0.0152812 -0.385231 -0.0296264 0.0151473 -0.385127 -0.029341
6.9 0.0140326 -0.37959 -0.0198151 0.0139074 -0.379476 -0.0195264
7 0.0128834 -0.373798 -0.00996838 0.0127663 -0.373674 -0.00967673
7.1 0.0118259 -0.367871 -0.000104238 0.0117165 -0.367738 0.000189864
7.2 0.010853 -0.361828 0.00976008 0.0107508 -0.361685 0.0100562
7.3 0.00995825 -0.355683 0.0196081 0.00986287 -0.355532 0.0199058
7.4 0.00913555 -0.349452 0.0294242 0.00904654 -0.349294 0.0297231
7.5 0.00837928 -0.34315 0.0391935 0.00829627 -0.342985 0.0394932
7.6 0.00768425 -0.33679 0.0489018 0.00760686 -0.336618 0.0492018
7.7 0.00704565 -0.330386 0.0585357 0.00697354 -0.330207 0.0588358
7.8 0.00645904 -0.323948 0.0680826 0.00639187 -0.323764 0.0683823
7.9 0.00592029 -0.31749 0.0775306 0.00585775 -0.317301 0.0778295
8 0.00542561 -0.311021 0.0868684 0.0053674 -0.310827 0.0871663
8.1 0.00497148 -0.304551 0.0960855 0.00491733 -0.304353 0.096382
8.2 0.00455468 -0.29809 0.105172 0.00450432 -0.297888 0.105467
8.3 0.00417219 -0.291648 0.114119 0.00412538 -0.291442 0.114412
8.4 0.00382127 -0.28523 0.122918 0.00377777 -0.285021 0.123208
8.5 0.00349937 -0.278847 0.13156 0.00345896 -0.278635 0.131848
8.6 0.00320415 -0.272504 0.140039 0.00316662 -0.27229 0.140324
8.7 0.00293343 -0.266208 0.148348 0.00289859 -0.265992 0.14863
8.8 0.00268523 -0.259965 0.156481 0.0026529 -0.259747 0.15676
8.9 0.00245772 -0.253781 0.164432 0.00242772 -0.253562 0.164707
9 0.00224919 -0.247661 0.172196 0.00222138 -0.24744 0.172467
9.1 0.00205811 -0.241609 0.179769 0.00203232 -0.241388 0.180036
9.2 0.00188303 -0.23563 0.187146 0.00185912 -0.235408 0.187409
9.3 0.00172264 -0.229727 0.194325 0.00170049 -0.229505 0.194583
9.4 0.00157573 -0.223904 0.201301 0.00155521 -0.223682 0.201555
9.5 0.00144119 -0.218164 0.208073 0.00142218 -0.217942 0.208322
9.6 0.00131799 -0.21251 0.214637 0.00130039 -0.212288 0.214882
9.7 0.00120519 -0.206944 0.220993 0.0011889 -0.206723 0.221233
9.8 0.00110192 -0.201469 0.227139 0.00108685 -0.201249 0.227373
9.9 0.0010074 -0.196086 0.233074 0.000993459 -0.195866 0.233303
10 0.000920897 -0.190796 0.238796 0.000907999 -0.190578 0.23902
10.1 0.000841734 -0.185602 0.244306 0.000829807 -0.185385 0.244525
10.2 0.0007693 -0.180503 0.249604 0.000758275 -0.180288 0.249817
10.3 0.000703033 -0.175502 0.25469 0.000692842 -0.175289 0.254897
10.4 0.000642413 -0.170599 0.259564 0.000632996 -0.170387 0.259765
10.5 0.000586966 -0.165793 0.264227 0.000578265 -0.165584 0.264423
10.6 0.000536257 -0.161087 0.268681 0.000528219 -0.160879 0.26887
10.7 0.000489884 -0.156478 0.272926 0.000482462 -0.156272 0.273109
10.8 0.000447483 -0.151968 0.276964 0.000440629 -0.151765 0.277141
10.9 0.000408716 -0.147557 0.280796 0.00040239 -0.147356 0.280968
11 0.000373276 -0.143243 0.284426 0.000367437 -0.143044 0.284592
11.1 0.000340881 -0.139027 0.287854 0.000335494 -0.138831 0.288014
11.2 0.000311272 -0.134907 0.291083 0.000306302 -0.134714 0.291237
11.3 0.000284212 -0.130884 0.294116 0.000279628 -0.130693 0.294264
11.4 0.000259484 -0.126956 0.296955 0.000255257 -0.126768 0.297097
11.5 0.000236889 -0.123122 0.299603 0.000232992 -0.122937 0.299739
11.6 0.000216245 -0.119382 0.302063 0.000212653 -0.1192 0.302193
11.7 0.000197387 -0.115735 0.304337 0.000194075 -0.115555 0.304461
11.8 0.00018016 -0.112179 0.306429 0.000177108 -0.112002 0.306547
11.9 0.000164425 -0.108713 0.308342 0.000161612 -0.108539 0.308455
12 0.000150054 -0.105335 0.31008 0.000147461 -0.105165 0.310186
12.1 0.000136928 -0.102046 0.311645 0.00013454 -0.101878 0.311746
12.2 0.000124943 -0.0988425 0.313041 0.000122743 -0.0986776 0.313136
12.3 0.000113998 -0.0957241 0.314272 0.000111973 -0.0955622 0.314361
12.4 0.000104006 -0.0926893 0.315341 0.000102141 -0.0925304 0.315424
12.5 9.48821e-05 -0.0897365 0.316251 9.31663e-05 -0.0895806 0.316329
12.6 8.65538e-05 -0.0868643 0.317007 8.49748e-05 -0.0867114 0.31708
12.7 7.89517e-05 -0.0840713 0.317612 7.74986e-05 -0.0839214 0.317679
12.8 7.20133e-05 -0.0813559 0.318069 7.06758e-05 -0.081209 0.318131
12.9 6.56811e-05 -0.0787167 0.318383 6.44497e-05 -0.0785727 0.318439
13 5.99018e-05 -0.0761521 0.318556 5.87686e-05 -0.0760111 0.318608
13.1 5.46274e-05 -0.0736606 0.318594 5.3585e-05 -0.0735225 0.31864
13.2 4.98134e-05 -0.0712407 0.318499 4.88559e-05 -0.0711055 0.31854
13.3 4.5422e-05 -0.0688909 0.318275 4.45415e-05 -0.0687586 0.318311
13.4 4.14154e-05 -0.0666095 0.317926 4.06059e-05 -0.0664801 0.317957
13.5 3.776e-05 -0.0643952 0.317456 3.70159e-05 -0.0642686 0.317482
13.6 3.4425e-05 -0.0622464 0.316868 3.37415e-05 -0.0621226 0.31689
13.7 3.13836e-05 -0.0601615 0.316166 3.0755e-05 -0.0600405 0.316183
13.8 2.86097e-05 -0.0581391 0.315354 2.80314e-05 -0.0580209 0.315366
13.9 2.60793e-05 -0.0561777 0.314435 2.55477e-05 -0.0560622 0.314443
14 2.37717e-05 -0.0542759 0.313412 2.32828e-05 -0.054163 0.313416
14.1 2.16673e-05 -0.0524321 0.312291 2.12176e-05 -0.0523219 0.31229
14.2 1.97481e-05 -0.0506449 0.311073 1.93347e-05 -0.0505373 0.311068
14.3 1.79966e-05 -0.0489129 0.309762 1.76179e-05 -0.048808 0.309753
14.4 1.64009e-05 -0.0472348 0.308363 1.60528e-05 -0.0471323 0.30835
14.5 1.4946e-05 -0.045609 0.306878 1.46261e-05 -0.0455091 0.306861
14.6 1.36196e-05 -0.0440343 0.30531 1.33255e-05 -0.0439368 0.305289
14.7 1.24097e-05 -0.0425093 0.303663 1.214e-05 -0.0424142 0.303639
14.8 1.13079e-05 -0.0410326 0.30194 1.10594e-05 -0.04094 0.301912
14.9 1.0302e-05 -0.039603 0.300145 1.00746e-05 -0.0395127 0.300113
15 9.38562e-06 -0.0382192 0.29828 9.17707e-06 -0.0381312 0.298245
15.1 8.55142e-06 -0.03688 0.296349 8.35911e-06 -0.0367942 0.296311
15.2 7.79075e-06 -0.035584 0.294355 7.61373e-06 -0.0355005 0.294313
15.3 7.09645e-06 -0.0343301 0.2923 6.93451e-06 -0.0342488 0.292255
15.4 6.46388e-06 -0.0331171 0.290188 6.31562e-06 -0.0330379 0.29014
15.5 5.88758e-06 -0.0319439 0.288021 5.75171e-06 -0.0318668 0.28797
15.6 5.36196e-06 -0.0308092 0.285802 5.23794e-06 -0.0307342 0.285749
15.7 4.88388e-06 -0.029712 0.283535 4.76987e-06 -0.029639 0.283479
15.8 4.44767e-06 -0.0286512 0.281221 4.34344e-06 -0.0285802 0.281162
15.9 4.04966e-06 -0.0276257 0.278864 3.95499e-06 -0.0275566 0.278803
16 3.68734e-06 -0.0266345 0.276466 3.60113e-06 -0.0265673 0.276402
16.1 3.35789e-06 -0.0256765 0.274029 3.2788e-06 -0.0256112 0.273963
16.2 3.05733e-06 -0.0247508 0.271557 2.98521e-06 -0.0246873 0.271488
16.3 2.78425e-06 -0.0238564 0.26905 2.7178e-06 -0.0237946 0.268979
16.4 2.53536e-06 -0.0229923 0.266513 2.47425e-06 -0.0229322 0.266439
16.5 2.30834e-06 -0.0221576 0.263946 2.25245e-06 -0.0220992 0.263871
16.6 2.10173e-06 -0.0213514 0.261353 2.05045e-06 -0.0212947 0.261275
16.7 1.91429e-06 -0.0205728 0.258735 1.8665e-06 -0.0205178 0.258655
16.8 1.74313e-06 -0.019821 0.256094 1.69899e-06 -0.0197675 0.256013
16.9 1.58772e-06 -0.0190951 0.253434 1.54646e-06 -0.0190432 0.253351
17 1.44639e-06 -0.0183944 0.250755 1.40758e-06 -0.0183439 0.25067
17.1 1.317e-06 -0.0177179 0.248059 1.28112e-06 -0.0176689 0.247973
17.2 1.19873e-06 -0.017065 0.245349 1.16599e-06 -0.0170175 0.245261
17.3 1.09123e-06 -0.0164349 0.242626 1.06116e-06 -0.0163887 0.242537
17.4 9.93347e-07 -0.0158268 0.239892 9.65729e-07 -0.015782 0.239801
17.5 9.04158e-07 -0.0152401 0.237149 8.7885e-07 -0.0151967 0.237057
17.6 8.22624e-07 -0.0146741 0.234398 7.9976e-07 -0.0146319 0.234305
17.7 7.48553e-07 -0.014128 0.231641 7.27765e-07 -0.0140871 0.231547
17.8 6.80833e-07 -0.0136013 0.22888 6.62229e-07 -0.0135616 0.228785
17.9 6.19605e-07 -0.0130933 0.226116 6.02576e-07 -0.0130548 0.226019
18 5.63952e-07 -0.0126033 0.22335 5.48279e-07 -0.012566 0.223253
18.1 5.13966e-07 -0.0121309 0.220584 4.9886e-07 -0.0120947 0.220486
18.2 4.67672e-07 -0.0116753 0.21782 4.53881e-07 -0.0116402 0.217721
18.3 4.25164e-07 -0.0112361 0.215058 4.12945e-07 -0.0112021 0.214958
18.4 3.86969e-07 -0.0108127 0.2123 3.7569e-07 -0.0107797 0.2122
18.5 3.52314e-07 -0.0104045 0.209547 3.41786e-07 -0.0103726 0.209446
18.6 3.19485e-07 -0.0100111 0.2068 3.10932e-07 -0.00998016 0.206699
18.7 2.89666e-07 -0.00963194 0.204061 2.82856e-07 -0.00960196 0.203959
18.8 2.63489e-07 -0.00926653 0.20133 2.57307e-07 -0.00923749 0.201228
18.9 2.39602e-07 -0.00891443 0.198609 2.34059e-07 -0.00888629 0.198506
19 2.17055e-07 -0.00857516 0.195898 2.12906e-07 -0.00854791 0.195795
19.1 1.97222e-07 -0.00824829 0.193198 1.93659e-07 -0.0082219 0.193095
19.2 1.79718e-07 -0.00793339 0.190511 1.76148e-07 -0.00790784 0.190407
19.3 1.64093e-07 -0.00763005 0.187837 1.60215e-07 -0.00760531 0.187733
19.4 1.50233e-07 -0.00733786 0.185176 1.4572e-07 -0.00731391 0.185072
19.5 1.37335e-07 -0.00705644 0.182531 1.32532e-07 -0.00703326 0.182427
19.6 1.25342e-07 -0.00678542 0.179901 1.20535e-07 -0.00676298 0.179797
19.7 1.14192e-07 -0.00652442 0.177288 1.09621e-07 -0.0065027 0.177184
19.8 1.04541e-07 -0.0062731 0.174691 9.96929e-08 -0.00625208 0.174587
19.9 9.54291e-08 -0.00603112 0.172112 9.06615e-08 -0.00601078 0.172008
20 8.72092e-08 -0.00579814 0.169551 8.24461e-08 -0.00577847 0.169447
20.1 7.94783e-08 -0.00557385 0.167009 7.49734e-08 -0.00555482 0.166905
20.2 7.14463e-08 -0.00535795 0.164487 6.81762e-08 -0.00533954 0.164383
20.3 6.48146e-08 -0.00515012 0.161984 6.19938e-08 -0.00513231 0.16188
20.4 5.88409e-08 -0.00495009 0.159501 5.63706e-08 -0.00493287 0.159398
20.5 5.38401e-08 -0.00475757 0.15704 5.12563e-08 -0.00474091 0.156937
20.6 4.84202e-08 -0.0045723 0.154599 4.66048e-08 -0.00455619 0.154497
20.7 4.432e-08 -0.00439401 0.15218 4.23745e-08 -0.00437844 0.152078
20.8 4.01816e-08 -0.00422245 0.149784 3.85273e-08 -0.0042074 0.149682
20.9 3.64304e-08 -0.00405738 0.147409 3.50285e-08 -0.00404283 0.147308
21 3.36625e-08 -0.00389857 0.145057 3.18468e-08 -0.00388451 0.144956
21.1 3.08787e-08 -0.00374579 0.142728 2.89534e-08 -0.00373219 0.142628
21.2 2.75829e-08 -0.00359881 0.140423 2.63222e-08 -0.00358567 0.140323
21.3 2.45608e-08 -0.00345743 0.138141 2.39297e-08 -0.00344473 0.138041
21.4 2.29399e-08 -0.00332144 0.135883 2.17541e-08 -0.00330917 0.135784
21.5 2.02079e-08 -0.00319065 0.133648 1.97759e-08 -0.00317879 0.13355
21.6 1.77834e-08 -0.00306486 0.131438 1.79772e-08 -0.00305341 0.13134
21.7 1.61639e-08 -0.00294388 0.129252 1.63418e-08 -0.00293282 0.129155
21.8 1.51295e-08 -0.00282756 0.127091 1.48548e-08 -0.00281687 0.126994
21.9 1.32016e-08 -0.0027157 0.124954 1.35028e-08 -0.00270538 0.124858
22 1.23098e-08 -0.00260814 0.122842 1.22737e-08 -0.00259817 0.122746
22.1 1.15627e-08 -0.00250473 0.120754 1.11561e-08 -0.00249511 0.120659
22.2 1.0672e-08 -0.00240532 0.118692 1.01402e-08 -0.00239602 0.118597
22.3 9.52792e-09 -0.00230974 0.116654 9.21654e-09 -0.00230077 0.11656
22.4 8.84328e-09 -0.00221786 0.114641 8.37687e-09 -0.0022092 0.114548
22.5 8.11419e-09 -0.00212955 0.112653 7.61354e-09 -0.00212118 0.112562
22.6 7.11256e-09 -0.00204466 0.110691 6.91963e-09 -0.00203659 0.1106
22.7 6.56796e-09 -0.00196307 0.108753 6.28885e-09 -0.00195528 0.108663
22.8 5.96194e-09 -0.00188466 0.10684 5.71545e-09 -0.00187714 0.106751
22.9 5.74941e-09 -0.0018093 0.104953 5.19424e-09 -0.00180204 0.104864
23 4.82941e-09 -0.00173689 0.10309 4.72046e-09 -0.00172988 0.103002
23.1 4.55824e-09 -0.0016673 0.101252 4.28982e-09 -0.00166054 0.101164
23.2 4.45183e-09 -0.00160043 0.0994385 3.8984e-09 -0.00159391 0.099352
23.3 3.3091e-09 -0.00153619 0.0976501 3.54262e-09 -0.00152989 0.0975643
23.4 2.52553e-09 -0.00147446 0.0958863 3.21925e-09 -0.00146838 0.0958014
23.5 1.85544e-09 -0.00141515 0.094147 2.92535e-09 -0.00140929 0.094063
23.6 2.43028e-09 -0.00135818 0.0924323 2.65823e-09 -0.00135253 0.092349
23.7 1.20126e-09 -0.00130345 0.0907418 2.41546e-09 -0.001298 0.0906594
23.8 1.65117e-09 -0.00125088 0.0890756 2.19482e-09 -0.00124562 0.088994
23.9 1.27957e-09 -0.00120038 0.0874335 1.9943e-09 -0.0011953 0.0873528
24 2.15611e-09 -0.00115187 0.0858153 1.81206e-09 -0.00114698 0.0857354
24.1 2.3001e-09 -0.00110528 0.0842209 1.64646e-09 -0.00110057 0.0841419
24.2 2.97426e-09 -0.00106054 0.0826502 1.49596e-09 -0.00105599 0.0825721
24.3 2.3577e-09 -0.00101757 0.081103 1.35919e-09 -0.00101318 0.0810257
24.4 2.5408e-09 -0.000976306 0.0795791 1.23491e-09 -0.000972076 0.0795028
24.5 3.01174e-09 -0.000936679 0.0780784 1.12197e-09 -0.000932602 0.0780029
24.6 3.21588e-09 -0.000898628 0.0766007 1.01934e-09 -0.000894698 0.0765261
24.7 3.00695e-09 -0.000862093 0.0751458 9.2609e-10 -0.000858304 0.0750721
24.8 2.96165e-09 -0.000827013 0.0737136 8.41354e-10 -0.00082336 0.0736407
24.9 2.02024e-09 -0.000793333 0.0723037 7.64358e-10 -0.000789812 0.0722317
25 1.86211e-09 -0.000760997 0.0709162 6.94397e-10 -0.000757603 0.070845
25.1 2.20273e-09 -0.000729954 0.0695506 6.3083e-10 -0.000726683 0.0694803
25.2 2.00218e-09 -0.000700152 0.0682069 5.73073e-10 -0.000697 0.0681375
25.3 1.07105e-09 -0.000671545 0.0668848 5.20595e-10 -0.000668507 0.0668163
25.4 1.21069e-09 -0.000644084 0.0655841 4.72916e-10 -0.000641157 0.0655165
25.5 1.52076e-09 -0.000617726 0.0643047 4.29597e-10 -0.000614906 0.0642379
25.6 1.10485e-09 -0.000592426 0.0630462 3.90239e-10 -0.000589709 0.0629803
25.7 1.00042e-09 -0.000568143 0.0618086 3.54483e-10 -0.000565526 0.0617435
25.8 1.07511e-09 -0.000544838 0.0605914 3.21997e-10 -0.000542317 0.0605272
25.9 -1.54691e-10 -0.000522472 0.0593947 2.92484e-10 -0.000520043 0.0593313
26 -5.11065e-10 -0.000501008 0.058218 2.65673e-10 -0.000498668 0.0581555
26.1 -8.85187e-10 -0.00048041 0.0570612 2.41315e-10 -0.000478156 0.0569995
26.2 -1.11371e-09 -0.000460644 0.0559241 2.19188e-10 -0.000458473 0.0558632
26.3 -1.91517e-09 -0.000441677 0.0548064 1.99086e-10 -0.000439587 0.0547464
26.4 -8.54915e-10 -0.000423478 0.0537079 1.80825e-10 -0.000421465 0.0536487
26.5 -6.36272e-10 -0.000406017 0.0526283 1.64237e-10 -0.000404078 0.05257
26.6 -1.0995e-09 -0.000389263 0.0515675 1.49169e-10 -0.000387396 0.0515101
26.7 -1.42434e-09 -0.00037319 0.0505253 1.35481e-10 -0.000371391 0.0504686
26.8 -1.40549e-09 -0.000357769 0.0495013 1.23047e-10 -0.000356037 0.0494454
26.9 -6.41328e-10 -0.000342975 0.0484953 1.11753e-10 -0.000341308 0.0484403
27 -3.43789e-10 -0.000328783 0.0475072 1.01495e-10 -0.000327177 0.047453
27.1 3.70524e-10 -0.000315168 0.0465366 9.21762e-11 -0.000313623 0.0464832
27.2 2.38224e-10 -0.000302109 0.0455834 8.37122e-11 -0.000300621 0.0455308
27.3 8.39249e-10 -0.000289582 0.0446473 7.60244e-11 -0.00028815 0.0445955
27.4 9.86696e-10 -0.000277567 0.0437281 6.90417e-11 -0.000276188 0.043677
27.5 1.97891e-09 -0.000266042 0.0428255 6.26996e-11 -0.000264715 0.0427753
27.6 2.39751e-09 -0.000254988 0.0419394 5.69392e-11 -0.000253712 0.0418899
27.7 1.88869e-09 -0.000244387 0.0410694 5.17074e-11 -0.000243158 0.0410207
27.8 3.63241e-10 -0.00023422 0.0402155 4.69557e-11 -0.000233038 0.0401675
27.9 7.92626e-10 -0.00022447 0.0393772 4.26401e-11 -0.000223332 0.0393301
28 1.12865e-09 -0.00021512 0.0385545 3.87206e-11 -0.000214025 0.0385081
28.1 1.62743e-09 -0.000206153 0.0377471 3.5161e-11 -0.000205099 0.0377014
28.2 1.0382e-09 -0.000197555 0.0369547 3.19282e-11 -0.000196541 0.0369098
28.3 1.35974e-09 -0.000189311 0.0361772 2.89923e-11 -0.000188335 0.036133
28.4 9.88335e-10 -0.000181406 0.0354143 2.6326e-11 -0.000180466 0.0353708
28.5 1.30339e-09 -0.000173826 0.0346658 2.39046e-11 -0.000172922 0.034623
28.6 1.14047e-09 -0.000166558 0.0339315 2.17057e-11 -0.000165688 0.0338894
28.7 8.72383e-10 -0.00015959 0.0332111 1.97088e-11 -0.000158753 0.0331697
28.8 1.01325e-09 -0.000152909 0.0325045 1.78954e-11 -0.000152104 0.0324638
28.9 5.72892e-10 -0.000146505 0.0318114 1.62487e-11 -0.00014573 0.0317714
29 1.57454e-10 -0.000140365 0.0311316 1.47533e-11 -0.00013962 0.0310923
29.1 3.89474e-10 -0.000134479 0.030465 1.33953e-11 -0.000133762 0.0304263
29.2 7.6035e-10 -0.000128836 0.0298112 1.21623e-11 -0.000128147 0.0297733
29.3 2.17209e-10 -0.000123427 0.0291702 1.10425e-11 -0.000122764 0.0291329
29.4 1.17446e-10 -0.000118242 0.0285416 1.00258e-11 -0.000117605 0.028505
29.5 8.08039e-10 -0.000113272 0.0279253 9.10259e-12 -0.000112659 0.0278893
29.6 3.78467e-10 -0.000108508 0.0273211 8.26428e-12 -0.000107919 0.0272858
29.7 8.65144e-10 -0.000103943 0.0267288 7.50309e-12 -0.000103376 0.0266941
29.8 8.68949e-10 -9.95659e-05 0.0261482 6.81194e-12 -9.90212e-05 0.0261141
29.9 5.19668e-11 -9.53714e-05 0.0255791 6.18438e-12 -9.48479e-05 0.0255456
30 -4.42248e-10 -9.13514e-05 0.0250213 5.61457e-12 -9.08484e-05 0.0249885
30.1 6.83911e-10 -8.74991e-05 0.0244746 5.09721e-12 -8.70153e-05 0.0244424
30.2 5.12931e-10 -8.38072e-05 0.0239388 4.62747e-12 -8.33421e-05 0.0239072
30.3 -7.89485e-10 -8.02695e-05 0.0234138 4.20097e-12 -7.9822e-05 0.0233828
30.4 -3.9685e-10 -7.68792e-05 0.0228993 3.81374e-12 -7.64488e-05 0.0228689
30.5 5.35868e-10 -7.36309e-05 0.0223952 3.46217e-12 -7.32165e-05 0.0223653
30.6 8.67773e-10 -7.05181e-05 0.0219013 3.14297e-12 -7.01192e-05 0.021872
30.7 7.58227e-10 -6.75349e-05 0.0214174 2.85317e-12 -6.71514e-05 0.0213887
30.8 5.67996e-10 -6.46763e-05 0.0209433 2.59007e-12 -6.43077e-05 0.0209151
30.9 -3.91671e-10 -6.19373e-05 0.0204789 2.3512e-12 -6.15831e-05 0.0204513
31 -1.93392e-10 -5.93134e-05 0.020024 2.13434e-12 -5.89726e-05 0.0199969
31.1 -2.22484e-10 -5.67987e-05 0.0195784 1.93746e-12 -5.64715e-05 0.0195519
31.2 -7.86702e-11 -5.43898e-05 0.019142 1.75872e-12 -5.40752e-05 0.019116
31.3 -1.16603e-09 -5.20818e-05 0.0187145 1.59646e-12 -5.17796e-05 0.0186891
31.4 -6.91933e-10 -4.9871e-05 0.0182959 1.44915e-12 -4.95802e-05 0.018271
31.5 -9.10861e-10 -4.77528e-05 0.017886 1.31542e-12 -4.74733e-05 0.0178616
31.6 1.82259e-10 -4.57235e-05 0.0174846 1.19402e-12 -4.54549e-05 0.0174607
31.7 1.06015e-10 -4.37795e-05 0.0170915 1.08381e-12 -4.35214e-05 0.0170681
31.8 1.61547e-10 -4.19173e-05 0.0167066 9.83768e-13 -4.16693e-05 0.0166838
31.9 1.98047e-10 -4.01333e-05 0.0163298 8.92949e-13 -3.98951e-05 0.0163074
32 5.16684e-10 -3.84246e-05 0.0159609 8.10507e-13 -3.81957e-05 0.015939
32.1 7.62366e-10 -3.67876e-05 0.0155997 7.35668e-13 -3.65679e-05 0.0155783
32.2 5.5487e-10 -3.522e-05 0.0152462 6.67734e-13 -3.50088e-05 0.0152253
32.3 1.18168e-09 -3.37183e-05 0.0149001 6.06067e-13 -3.35154e-05 0.0148797
32.4 7.74352e-10 -3.22798e-05 0.0145613 5.5009e-13 -3.20851e-05 0.0145414
32.5 7.98547e-10 -3.0902e-05 0.0142298 4.99278e-13 -3.07152e-05 0.0142102
32.6 6.48762e-10 -2.95829e-05 0.0139052 4.53156e-13 -2.94032e-05 0.0138862
32.7 5.775e-10 -2.83193e-05 0.0135876 4.1129e-13 -2.81466e-05 0.013569
32.8 1.85073e-10 -2.71094e-05 0.0132768 3.73289e-13 -2.69433e-05 0.0132586
32.9 -1.29992e-10 -2.59502e-05 0.0129726 3.38795e-13 -2.57908e-05 0.0129549
33 -1.97098e-10 -2.48402e-05 0.012675 3.07486e-13 -2.46872e-05 0.0126577
33.1 1.26008e-10 -2.37775e-05 0.0123837 2.79068e-13 -2.36303e-05 0.0123669
33.2 4.09322e-10 -2.27595e-05 0.0120987 2.53274e-13 -2.26183e-05 0.0120823
33.3 1.88115e-10 -2.17845e-05 0.0118199 2.29862e-13 -2.16491e-05 0.0118039
33.4 2.73648e-10 -2.08508e-05 0.0115471 2.08613e-13 -2.07211e-05 0.0115315
33.5 1.16912e-09 -1.99569e-05 0.0112802 1.89326e-13 -1.98325e-05 0.0112651
33.6 9.91633e-10 -1.91011e-05 0.0110191 1.7182e-13 -1.89817e-05 0.0110044
33.7 1.70745e-10 -1.82815e-05 0.0107637 1.55932e-13 -1.8167e-05 0.0107494
33.8 3.15765e-10 -1.74974e-05 0.0105139 1.41512e-13 -1.73869e-05 0.0104999
33.9 3.25663e-10 -1.67461e-05 0.0102695 1.28424e-13 -1.664e-05 0.010256
34 1.11674e-10 -1.6027e-05 0.0100304 1.16546e-13 -1.59249e-05 0.0100173
34.1 7.18571e-11 -1.53382e-05 0.00979665 1.05765e-13 -1.52403e-05 0.00978392
34.2 1.48938e-10 -1.46784e-05 0.00956799 9.59809e-14 -1.45848e-05 0.00955565
34.3 -7.40204e-10 -1.40477e-05 0.00934436 8.7101e-14 -1.39573e-05 0.00933241
34.4 -6.45525e-10 -1.34433e-05 0.00912567 7.90421e-14 -1.33565e-05 0.0091141
34.5 3.55936e-10 -1.28651e-05 0.0089118 7.17281e-14 -1.27814e-05 0.00890061
34.6 1.60364e-10 -1.23108e-05 0.00870267 6.50904e-14 -1.22308e-05 0.00869186
34.7 5.7082e-11 -1.17804e-05 0.00849818 5.90665e-14 -1.17037e-05 0.00848774
34.8 -1.18532e-10 -1.12725e-05 0.00829822 5.35996e-14 -1.11991e-05 0.00828816
34.9 -8.67822e-11 -1.07867e-05 0.00810272 4.86383e-14 -1.07161e-05 0.00809302
35 -5.15963e-10 -1.03215e-05 0.00791157 4.41358e-14 -1.02538e-05 0.00790224
35.1 2.42592e-10 -9.87558e-06 0.00772469 4.00498e-14 -9.8112e-06 0.00771573
35.2 5.29493e-10 -9.44931e-06 0.00754199 3.63418e-14 -9.38756e-06 0.00753339
35.3 2.18378e-10 -9.0412e-06 0.00736339 3.29769e-14 -8.98207e-06 0.00735514
35.4 -2.87351e-10 -8.65069e-06 0.00718879 2.99232e-14 -8.59394e-06 0.00718089
35.5 -5.76971e-10 -8.27663e-06 0.00701811 2.71522e-14 -8.22245e-06 0.00701057
35.6 -4.54948e-10 -7.91859e-06 0.00685127 2.46375e-14 -7.86688e-06 0.00684409
35.7 -4.14611e-10 -7.57589e-06 0.0066882 2.23555e-14 -7.52656e-06 0.00668137
35.8 -8.88708e-10 -7.24805e-06 0.00652881 2.02848e-14 -7.20085e-06 0.00652233
35.9 -1.44863e-09 -6.93427e-06 0.00637302 1.84057e-14 -6.88911e-06 0.00636689
36 -1.86369e-09 -6.63374e-06 0.00622076 1.67006e-14 -6.59076e-06 0.00621498
36.1 -2.15008e-09 -6.34645e-06 0.00607196 1.51533e-14 -6.30523e-06 0.00606652
36.2 -1.80146e-09 -6.07152e-06 0.00592654 1.37492e-14 -6.03198e-06 0.00592144
36.3 -6.89294e-10 -5.80853e-06 0.00578442 1.24752e-14 -5.77047e-06 0.00577967
36.4 -4.63045e-11 -5.55663e-06 0.00564555 1.13191e-14 -5.52021e-06 0.00564114
36.5 -4.3331e-10 -5.31611e-06 0.00550984 1.02701e-14 -5.28071e-06 0.00550578
36.6 -3.78885e-10 -5.08538e-06 0.00537724 9.31822e-15 -5.05153e-06 0.00537352
36.7 -2.75415e-10 -4.86509e-06 0.00524767 8.45451e-15 -4.83222e-06 0.00524429
36.8 2.67347e-11 -4.65369e-06 0.00512107 7.6708e-15 -4.62236e-06 0.00511803
36.9 -5.47223e-10 -4.45141e-06 0.00499737 6.95969e-15 -4.42154e-06 0.00499467
37 -9.65479e-10 -4.25817e-06 0.00487652 6.31446e-15 -4.22938e-06 0.00487416
37.1 -6.52031e-10 -4.07364e-06 0.00475844 5.729e-15 -4.04551e-06 0.00475643
37.2 -2.86823e-10 -3.89707e-06 0.00464309 5.19778e-15 -3.86957e-06 0.00464142
37.3 -8.54553e-11 -3.72743e-06 0.0045304 4.71579e-15 -3.70123e-06 0.00452907
37.4 -4.22438e-10 -3.56511e-06 0.00442031 4.27846e-15 -3.54016e-06 0.00441933
37.5 3.17913e-10 -3.40951e-06 0.00431277 3.88167e-15 -3.38605e-06 0.00431213
37.6 -1.54577e-10 -3.26092e-06 0.00420772 3.52164e-15 -3.23859e-06 0.00420743
37.7 1.12765e-10 -3.11872e-06 0.00410511 3.19499e-15 -3.09752e-06 0.00410516
37.8 1.22505e-10 -2.98298e-06 0.00400488 2.89861e-15 -2.96254e-06 0.00400528
37.9 3.19876e-10 -2.853e-06 0.00390697 2.62971e-15 -2.8334e-06 0.00390772
38 4.23355e-10 -2.72904e-06 0.00381135 2.38574e-15 -2.70985e-06 0.00381245
38.1 1.60932e-09 -2.61036e-06 0.00371795 2.16439e-15 -2.59166e-06 0.00371941
38.2 2.52789e-09 -2.49645e-06 0.00362673 1.96356e-15 -2.47858e-06 0.00362854
38.3 1.91216e-09 -2.38733e-06 0.00353764 1.78135e-15 -2.3704e-06 0.00353981
38.4 1.12291e-09 -2.28227e-06 0.00345064 1.61604e-15 -2.26691e-06 0.00345316
38.5 2.86419e-10 -2.18244e-06 0.00336566 1.46606e-15 -2.1679e-06 0.00336856
38.6 -7.4796e-11 -2.0868e-06 0.00328268 1.33e-15 -2.07319e-06 0.00328594
38.7 -3.96209e-10 -1.99557e-06 0.00320165 1.20655e-15 -1.98259e-06 0.00320527
38.8 -1.42023e-11 -1.90863e-06 0.00312251 1.09455e-15 -1.89593e-06 0.00312651
38.9 -6.63804e-10 -1.82562e-06 0.00304524 9.92943e-16 -1.81302e-06 0.00304961
39 -8.85266e-10 -1.74599e-06 0.00296978 9.00761e-16 -1.73372e-06 0.00297453
39.1 -8.02798e-10 -1.66981e-06 0.0028961 8.17133e-16 -1.65786e-06 0.00290124
39.2 1.36441e-10 -1.59662e-06 0.00282415 7.41263e-16 -1.5853e-06 0.00282968
39.3 -1.95144e-10 -1.527e-06 0.0027539 6.72434e-16 -1.5159e-06 0.00275982
39.4 -6.1564e-10 -1.46012e-06 0.00268531 6.09991e-16 -1.44951e-06 0.00269162
39.5 -9.06958e-10 -1.39616e-06 0.00261834 5.53344e-16 -1.38601e-06 0.00262505
39.6 -7.8004e-10 -1.33498e-06 0.00255295 5.01954e-16 -1.32528e-06 0.00256006
39.7 -9.27204e-10 -1.27642e-06 0.0024891 4.55333e-16 -1.26719e-06 0.00249663
39.8 -1.04578e-09 -1.22066e-06 0.00242677 4.13041e-16 -1.21163e-06 0.00243471
39.9 -4.29044e-10 -1.16738e-06 0.00236592 3.74674e-16 -1.15849e-06 0.00237428
40 -6.90064e-10 -1.11656e-06 0.0023065 3.39868e-16 -1.10767e-06 0.00231529
40.1 -8.19438e-10 -1.06788e-06 0.0022485 3.08294e-16 -1.05906e-06 0.00225772
40.2 -1.67604e-09 -1.0213e-06 0.00219187 2.79652e-16 -1.01257e-06 0.00220153
40.3 -1.72677e-09 -9.76989e-07 0.00213658 2.53669e-16 -9.68111e-07 0.00214669
40.4 -1.36509e-09 -9.34606e-07 0.00208261 2.30099e-16 -9.25591e-07 0.00209317
40.5 -4.9315e-10 -8.93691e-07 0.00202992 2.08717e-16 -8.84927e-07 0.00204094
40.6 -3.20243e-10 -8.54485e-07 0.00197848 1.89322e-16 -8.46039e-07 0.00198997
40.7 -6.98627e-10 -8.1679e-07 0.00192827 1.71727e-16 -8.08849e-07 0.00194024
40.8 1.5672e-10 -7.80991e-07 0.00187925 1.55767e-16 -7.73285e-07 0.0018917
40.9 3.85524e-10 -7.46235e-07 0.0018314 1.41289e-16 -7.39275e-07 0.00184434
41 7.61481e-10 -7.13398e-07 0.00178468 1.28156e-16 -7.06751e-07 0.00179813
41.1 2.94582e-10 -6.82223e-07 0.00173908 1.16243e-16 -6.7565e-07 0.00175303
41.2 6.82423e-11 -6.52604e-07 0.00169456 1.05437e-16 -6.4591e-07 0.00170903
41.3 -8.08459e-10 -6.24252e-07 0.0016511 9.56352e-17 -6.17471e-07 0.00166611
41.4 -4.4031e-11 -5.96711e-07 0.00160868 8.67439e-17 -5.90277e-07 0.00162422
41.5 7.08366e-10 -5.70102e-07 0.00156727 7.86787e-17 -5.64274e-07 0.00158336
41.6 4.35165e-10 -5.44508e-07 0.00152684 7.1363e-17 -5.39409e-07 0.00154349
41.7 -2.31643e-10 -5.20588e-07 0.00148737 6.47271e-17 -5.15634e-07 0.00150459
41.8 1.45278e-11 -4.97213e-07 0.00144885 5.8708e-17 -4.92901e-07 0.00146665
41.9 -1.83041e-10 -4.74822e-07 0.00141124 5.32482e-17 -4.71164e-07 0.00142963
42 -6.97414e-10 -4.54132e-07 0.00137452 4.8296e-17 -4.50381e-07 0.00139352
42.1 -5.19442e-10 -4.34351e-07 0.00133867 4.38041e-17 -4.30509e-07 0.0013583
42.2 -3.54232e-10 -4.1555e-07 0.00130368 3.97297e-17 -4.1151e-07 0.00132393
42.3 -5.41012e-10 -3.97123e-07 0.00126952 3.60341e-17 -3.93344e-07 0.00129042
42.4 -7.26975e-10 -3.79402e-07 0.00123616 3.26821e-17 -3.75975e-07 0.00125772
42.5 1.00513e-10 -3.62294e-07 0.0012036 2.96417e-17 -3.5937e-07 0.00122583
42.6 7.52256e-10 -3.46624e-07 0.00117181 2.6884e-17 -3.43493e-07 0.00119473
42.7 1.76408e-09 -3.31664e-07 0.00114077 2.43828e-17 -3.28315e-07 0.00116439
42.8 1.86344e-09 -3.17123e-07 0.00111046 2.21141e-17 -3.13803e-07 0.0011348
42.9 2.01153e-09 -3.03306e-07 0.00108087 2.00564e-17 -2.99929e-07 0.00110594
43 1.8564e-09 -2.90071e-07 0.00105197 1.81901e-17 -2.86666e-07 0.00107779
43.1 1.86733e-09 -2.77223e-07 0.00102375 1.64974e-17 -2.73986e-07 0.00105034
43.2 1.80099e-09 -2.64888e-07 0.000996195 1.49621e-17 -2.61864e-07 0.00102357
43.3 1.48708e-09 -2.5294e-07 0.000969285 1.35696e-17 -2.50275e-07 0.000997464
43.4 9.86181e-10 -2.41771e-07 0.000943004 1.23066e-17 -2.39196e-07 0.000972004
43.5 1.38619e-10 -2.31175e-07 0.000917335 1.11612e-17 -2.28606e-07 0.000947177
43.6 2.86547e-10 -2.20589e-07 0.000892264 1.01223e-17 -2.18482e-07 0.000922967
43.7 3.38226e-10 -2.10549e-07 0.000867774 9.18e-18 -2.08804e-07 0.000899359
43.8 6.00333e-10 -2.01264e-07 0.000843852 8.32541e-18 -1.99552e-07 0.000876339
43.9 1.0097e-09 -1.9263e-07 0.000820481 7.55034e-18 -1.90708e-07 0.000853892
44 1.59914e-09 -1.84249e-07 0.000797648 6.8474e-18 -1.82255e-07 0.000832005
44.1 1.539e-09 -1.76073e-07 0.000775338 6.20986e-18 -1.74174e-07 0.000810664
44.2 1.20338e-09 -1.68013e-07 0.000753539 5.63166e-18 -1.66449e-07 0.000789857
44.3 7.03875e-10 -1.60233e-07 0.000732235 5.10726e-18 -1.59066e-07 0.000769569
44.4 -9.07986e-10 -1.52809e-07 0.000711414 4.63167e-18 -1.52008e-07 0.00074979
44.5 -2.111e-09 -1.45691e-07 0.000691063 4.20035e-18 -1.45262e-07 0.000730505
44.6 -2.73602e-09 -1.38852e-07 0.000671169 3.80918e-18 -1.38814e-07 0.000711705
44.7 -2.88976e-09 -1.32187e-07 0.000651719 3.45441e-18 -1.3265e-07 0.000693375
44.8 -3.48159e-09 -1.26176e-07 0.000632702 3.13267e-18 -1.26759e-07 0.000675506
44.9 -2.9009e-09 -1.20601e-07 0.000614105 2.84089e-18 -1.21129e-07 0.000658086
45 -2.1053e-09 -1.15851e-07 0.000595917 2.57627e-18 -1.15747e-07 0.000641104
45.1 -6.30813e-10 -1.10343e-07 0.000578125 2.33628e-18 -1.10603e-07 0.00062455
45.2 -9.49389e-12 -1.04852e-07 0.00056072 2.11864e-18 -1.05687e-07 0.000608412
45.3 -5.10851e-10 -9.9271e-08 0.000543689 1.92127e-18 -1.00988e-07 0.000592682
45.4 -1.69762e-09 -9.42795e-08 0.000527023 1.74227e-18 -9.64975e-08 0.000577348
45.5 -1.30376e-09 -8.9821e-08 0.000510709 1.57995e-18 -9.22054e-08 0.000562401
45.6 -8.64276e-10 -8.5639e-08 0.000494738 1.43274e-18 -8.81033e-08 0.000547833
45.7 -8.90558e-10 -8.17202e-08 0.000479101 1.29924e-18 -8.41829e-08 0.000533632
45.8 -1.26804e-10 -7.77808e-08 0.000463785 1.17817e-18 -8.04361e-08 0.000519791
45.9 3.73335e-10 -7.43134e-08 0.000448782 1.06838e-18 -7.68553e-08 0.000506301
46 6.11135e-10 -7.11379e-08 0.000434081 9.68817e-19 -7.34332e-08 0.000493152
46.1 8.79881e-10 -6.81491e-08 0.000419675 8.78527e-19 -7.01628e-08 0.000480337
46.2 2.06793e-09 -6.49368e-08 0.000405552 7.96649e-19 -6.70373e-08 0.000467847
46.3 1.60481e-09 -6.14097e-08 0.000391705 7.22398e-19 -6.40505e-08 0.000455675
46.4 1.64598e-09 -5.81172e-08 0.000378123 6.55064e-19 -6.11961e-08 0.000443812
46.5 1.35945e-09 -5.51552e-08 0.000364798 5.94004e-19 -5.84684e-08 0.000432251
46.6 1.0148e-09 -5.24738e-08 0.000351722 5.38633e-19 -5.58617e-08 0.000420985
46.7 1.1813e-09 -5.00604e-08 0.000338885 4.88421e-19 -5.33707e-08 0.000410005
46.8 2.36041e-09 -4.79988e-08 0.00032628 4.42888e-19 -5.09904e-08 0.000399306
46.9 2.73823e-09 -4.57077e-08 0.000313898 4.01598e-19 -4.87157e-08 0.000388879
47 2.13846e-09 -4.31737e-08 0.00030173 3.64156e-19 -4.6542e-08 0.000378719
47.1 1.83503e-09 -4.03494e-08 0.00028977 3.30203e-19 -4.44649e-08 0.000368819
47.2 1.29101e-09 -3.75397e-08 0.000278008 2.99414e-19 -4.24801e-08 0.000359171
47.3 1.7719e-09 -3.52417e-08 0.000266437 2.71495e-19 -4.05835e-08 0.000349771
47.4 2.54761e-09 -3.33687e-08 0.00025505 2.46178e-19 -3.87713e-08 0.000340611
47.5 2.56286e-09 -3.143e-08 0.000243838 2.23221e-19 -3.70396e-08 0.000331686
47.6 1.81557e-09 -2.96444e-08 0.000232795 2.02404e-19 -3.53849e-08 0.00032299
47.7 1.87575e-09 -2.80672e-08 0.000221912 1.83528e-19 -3.38039e-08 0.000314517
47.8 1.89312e-09 -2.66207e-08 0.000211182 1.66411e-19 -3.22931e-08 0.000306262
47.9 1.42164e-09 -2.51287e-08 0.000200599 1.5089e-19 -3.08497e-08 0.000298219
48 3.8318e-10 -2.33523e-08 0.000190155 1.36816e-19 -2.94704e-08 0.000290382
48.1 -1.23662e-09 -2.15321e-08 0.000179843 1.24054e-19 -2.81526e-08 0.000282748
48.2 -1.79659e-09 -2.02342e-08 0.000169656 1.12482e-19 -2.68935e-08 0.00027531
48.3 -7.15922e-10 -1.95727e-08 0.000159587 1.01989e-19 -2.56904e-08 0.000268064
48.4 -1.03899e-10 -1.85312e-08 0.000149629 9.24746e-20 -2.4541e-08 0.000261004
48.5 -1.09722e-09 -1.68989e-08 0.000139775 8.38474e-20 -2.34427e-08 0.000254127
48.6 -1.66648e-09 -1.54183e-08 0.000130019 7.60247e-20 -2.23935e-08 0.000247427
48.7 -1.65615e-09 -1.39716e-08 0.000120354 6.89315e-20 -2.1391e-08 0.0002409
48.8 -1.54733e-09 -1.29552e-08 0.000110774 6.24999e-20 -2.04331e-08 0.000234543
48.9 -1.71494e-09 -1.16264e-08 0.00010127 5.66681e-20 -1.95181e-08 0.000228349
49 -2.86566e-09 -1.05723e-08 9.18387e-05 5.13803e-20 -1.86438e-08 0.000222316
49.1 -3.81192e-09 -9.58629e-09 8.24712e-05 4.65857e-20 -1.78085e-08 0.000216439
49.2 -3.51103e-09 -8.7507e-09 7.31621e-05 4.22383e-20 -1.70105e-08 0.000210715
49.3 -2.45792e-09 -7.60442e-09 6.39042e-05 3.82965e-20 -1.62482e-08 0.000205139
49.4 -3.02237e-09 -5.76632e-09 5.46911e-05 3.47224e-20 -1.55198e-08 0.000199708
49.5 -2.63225e-09 -4.50068e-09 4.55166e-05 3.14817e-20 -1.4824e-08 0.000194418
49.6 -2.41128e-09 -3.47617e-09 3.63744e-05 2.85434e-20 -1.41593e-08 0.000189265
49.7 -2.15188e-09 -2.6667e-09 2.72581e-05 2.58792e-20 -1.35242e-08 0.000184246
49.8 -1.3411e-09 -1.47974e-09 1.81612e-05 2.34636e-20 -1.29175e-08 0.000179358
49.9 2.57797e-10 -6.80818e-10 9.0775e-06 2.12734e-20 -1.2338e-08 0.000174597
