0 142.404 137.362 147.445
0.1 139.994 134.942 145.054
0.2 137.626 132.564 142.702
0.3 135.298 130.228 140.389
0.4 133.009 127.933 138.112
0.5 130.759 125.679 135.873
0.6 128.546 123.464 133.67
0.7 126.372 121.289 131.503
0.8 124.234 119.152 129.371
0.9 122.132 117.052 127.273
1 120.066 114.989 125.209
1.1 118.035 112.963 123.179
1.2 116.038 110.973 121.182
1.3 114.075 109.017 119.217
1.4 112.145 107.096 117.284
1.5 110.248 105.209 115.383
1.6 108.382 103.355 113.512
1.7 106.549 101.534 111.671
1.8 104.746 99.7449 109.861
1.9 102.974 97.9873 108.079
2 101.232 96.2607 106.327
2.1 99.5196 94.5645 104.603
2.2 97.8359 92.8981 102.907
2.3 96.1808 91.2612 101.239
2.4 94.5536 89.6531 99.5971
2.5 92.954 88.0733 97.9822
2.6 91.3814 86.5214 96.3935
2.7 89.8355 84.9968 94.8306
2.8 88.3157 83.499 93.2931
2.9 86.8216 82.0277 91.7804
3 85.3528 80.5823 90.2923
3.1 83.9088 79.1624 88.8283
3.2 82.4892 77.7674 87.3881
3.3 81.0937 76.3971 85.9712
3.4 79.7218 75.0509 84.5772
3.5 78.3731 73.7284 83.2059
3.6 77.0472 72.4293 81.8568
3.7 75.7437 71.153 80.5296
3.8 74.4623 69.8992 79.2239
3.9 73.2026 68.6675 77.9394
4 71.9642 67.4575 76.6757
4.1 70.7467 66.2689 75.4325
4.2 69.5499 65.1012 74.2094
4.3 68.3732 63.954 73.0062
4.4 67.2165 62.8271 71.8225
4.5 66.0794 61.72 70.658
4.6 64.9615 60.6324 69.5123
4.7 63.8625 59.564 68.3853
4.8 62.7821 58.5145 67.2765
4.9 61.7199 57.4834 66.1857
5 60.6758 56.4705 65.1126
5.1 59.6493 55.4754 64.0568
5.2 58.6402 54.4979 63.0182
5.3 57.6481 53.5376 61.9965
5.4 56.6728 52.5942 60.9913
5.5 55.7141 51.6674 60.0023
5.6 54.7715 50.757 59.0295
5.7 53.8449 49.8626 58.0724
5.8 52.934 48.984 57.1308
5.9 52.0385 48.1208 56.2045
6 51.1581 47.2729 55.2932
6.1 50.2926 46.4399 54.3967
6.2 49.4418 45.6216 53.5147
6.3 48.6053 44.8177 52.647
6.4 47.783 44.028 51.7934
6.5 46.9747 43.2521 50.9536
6.6 46.18 42.49 50.1275
6.7 45.3987 41.7413 49.3147
6.8 44.6307 41.0058 48.5151
6.9 43.8756 40.2832 47.7285
7 43.1334 39.5734 46.9547
7.1 42.4036 38.876 46.1933
7.2 41.6863 38.191 45.4444
7.3 40.981 37.5181 44.7075
7.4 40.2877 36.8569 43.9827
7.5 39.6062 36.2075 43.2695
7.6 38.9361 35.5695 42.568
7.7 38.2774 34.9427 41.8778
7.8 37.6298 34.327 41.1988
7.9 36.9932 33.7221 40.5308
8 36.3674 33.1279 39.8736
8.1 35.7521 32.5442 39.2271
8.2 35.1473 31.9707 38.5911
8.3 34.5527 31.4073 37.9654
8.4 33.9681 30.8539 37.3498
8.5 33.3935 30.3102 36.7442
8.6 32.8285 29.7761 36.1485
8.7 32.2732 29.2515 35.5624
8.8 31.7272 28.736 34.9858
8.9 31.1904 28.2297 34.4185
9 30.6627 27.7322 33.8605
9.1 30.144 27.2436 33.3114
9.2 29.634 26.7635 32.7713
9.3 29.1327 26.2919 32.24
9.4 28.6398 25.8286 31.7173
9.5 28.1553 25.3735 31.203
9.6 27.679 24.9264 30.6971
9.7 27.2107 24.4872 30.1994
9.8 26.7504 24.0557 29.7097
9.9 26.2978 23.6318 29.228
10 25.8529 23.2154 28.7541
10.1 25.4156 22.8063 28.2879
10.2 24.9856 22.4044 27.8292
10.3 24.5629 22.0096 27.378
10.4 24.1474 21.6218 26.9341
10.5 23.7388 21.2408 26.4974
10.6 23.3372 20.8665 26.0678
10.7 22.9424 20.4988 25.6451
10.8 22.5543 20.1376 25.2293
10.9 22.1727 19.7828 24.8202
11 21.7976 19.4342 24.4178
11.1 21.4288 19.0917 24.0219
11.2 21.0663 18.7553 23.6324
11.3 20.7099 18.4248 23.2492
11.4 20.3596 18.1002 22.8723
11.5 20.0151 17.7812 22.5014
11.6 19.6765 17.4679 22.1366
11.7 19.3436 17.1601 21.7777
11.8 19.0164 16.8577 21.4246
11.9 18.6947 16.5607 21.0772
12 18.3784 16.2689 20.7355
12.1 18.0675 15.9822 20.3993
12.2 17.7618 15.7006 20.0685
12.3 17.4613 15.4239 19.7431
12.4 17.1659 15.1521 19.423
12.5 16.8755 14.8851 19.1081
12.6 16.59 14.6228 18.7983
12.7 16.3094 14.3652 18.4935
12.8 16.0334 14.112 18.1936
12.9 15.7622 13.8634 17.8986
13 15.4955 13.6191 17.6084
13.1 15.2334 13.3791 17.3229
13.2 14.9757 13.1434 17.0421
13.3 14.7223 12.9118 16.7657
13.4 14.4733 12.6842 16.4939
13.5 14.2284 12.4607 16.2265
13.6 13.9877 12.2412 15.9634
13.7 13.7511 12.0255 15.7046
13.8 13.5184 11.8136 15.4499
13.9 13.2897 11.6054 15.1994
14 13.0649 11.4009 14.953
14.1 12.8439 11.2 14.7105
14.2 12.6266 11.0026 14.472
14.3 12.413 10.8088 14.2374
14.4 12.203 10.6183 14.0065
14.5 11.9965 10.4312 13.7794
14.6 11.7936 10.2474 13.556
14.7 11.594 10.0668 13.3362
14.8 11.3979 9.88944 13.12
14.9 11.2051 9.71517 12.9073
15 11.0155 9.54398 12.698
15.1 10.8292 9.37581 12.4921
15.2 10.6459 9.2106 12.2896
15.3 10.4658 9.0483 12.0903
15.4 10.2888 8.88886 11.8943
15.5 10.1147 8.73223 11.7014
15.6 9.94361 8.57836 11.5117
15.7 9.77538 8.4272 11.325
15.8 9.61001 8.2787 11.1414
15.9 9.44743 8.13283 10.9608
16 9.2876 7.98952 10.7831
16.1 9.13047 7.84873 10.6082
16.2 8.97601 7.71043 10.4362
16.3 8.82416 7.57457 10.267
16.4 8.67487 7.4411 10.1005
16.5 8.52811 7.30998 9.93677
16.6 8.38384 7.18117 9.77566
16.7 8.242 7.05463 9.61716
16.8 8.10257 6.93032 9.46122
16.9 7.96549 6.8082 9.30782
17 7.83073 6.68823 9.15691
17.1 7.69825 6.57038 9.00844
17.2 7.56802 6.4546 8.86238
17.3 7.43998 6.34087 8.71868
17.4 7.31412 6.22913 8.57732
17.5 7.19038 6.11937 8.43825
17.6 7.06874 6.01154 8.30143
17.7 6.94915 5.90561 8.16683
17.8 6.83159 5.80155 8.03442
17.9 6.71601 5.69932 7.90415
18 6.60239 5.59889 7.77599
18.1 6.49069 5.50024 7.64991
18.2 6.38089 5.40332 7.52588
18.3 6.27294 5.3081 7.40385
18.4 6.16681 5.21457 7.28381
18.5 6.06249 5.12268 7.16571
18.6 5.95992 5.03242 7.04953
18.7 5.85909 4.94374 6.93523
18.8 5.75997 4.85663 6.82278
18.9 5.66253 4.77105 6.71216
19 5.56673 4.68698 6.60333
19.1 5.47255 4.60439 6.49626
19.2 5.37997 4.52326 6.39093
19.3 5.28896 4.44355 6.28731
19.4 5.19948 4.36525 6.18537
19.5 5.11152 4.28833 6.08508
19.6 5.02504 4.21277 5.98642
19.7 4.94003 4.13853 5.88935
19.8 4.85645 4.06561 5.79386
19.9 4.77429 3.99397 5.69992
20 4.69352 3.92359 5.60751
